Vertex Count: 36

Data:

99.9267 0 100.073 0 0 0 -1 0
-100.073 0 100.073 1 0 0 -1 0
-100.073 0 -99.9267 1 1 0 -1 0
-100.073 0 -99.9267 1 1 0 -1 0
99.9267 0 -99.9267 0 1 0 -1 0
99.9267 0 100.073 0 0 0 -1 0
99.9267 1 100.073 1 0 0 1 0
99.9267 1 -99.9267 1 1 0 1 0
-100.073 1 -99.9267 0 1 0 1 0
-100.073 1 -99.9267 0 1 0 1 0
-100.073 1 100.073 0 0 0 1 0
99.9267 1 100.073 1 0 0 1 0
99.9267 1 -99.9267 1 0 0 0 -1
99.9267 0 -99.9267 1 1 0 0 -1
-100.073 0 -99.9267 0 1 0 0 -1
-100.073 0 -99.9267 0 1 0 0 -1
-100.073 1 -99.9267 0 0 0 0 -1
99.9267 1 -99.9267 1 0 0 0 -1
99.9267 1 100.073 1 0 1 0 0
99.9267 0 100.073 1 1 1 0 0
99.9267 0 -99.9267 0 1 1 0 0
99.9267 0 -99.9267 0 1 1 0 0
99.9267 1 -99.9267 0 0 1 0 0
99.9267 1 100.073 1 0 1 0 0
-100.073 1 100.073 1 0 0 0 1
-100.073 0 100.073 1 1 0 0 1
99.9267 0 100.073 0 1 0 0 1
99.9267 0 100.073 0 1 0 0 1
99.9267 1 100.073 0 0 0 0 1
-100.073 1 100.073 1 0 0 0 1
-100.073 1 -99.9267 1 0 -1 0 0
-100.073 0 -99.9267 1 1 -1 0 0
-100.073 0 100.073 0 1 -1 0 0
-100.073 0 100.073 0 1 -1 0 0
-100.073 1 100.073 0 0 -1 0 0
-100.073 1 -99.9267 1 0 -1 0 0
