Vertex Count: 1728

Data:

15.1511 0 61.6239 0 0.9583 0.2588 -0 0.9659
14.8043 1.7666 60.3298 0.0833 0.9583 0.2255 0.4909 0.8415
-0.3781 0 63.6683 0 1 -0 -0 1
14.8043 1.7666 60.3298 0.0833 0.9583 0.2255 0.4909 0.8415
-0.3781 1.7666 62.3286 0.0833 1 -0 0.4909 0.8712
-0.3781 0 63.6683 0 1 -0 -0 1
14.8043 1.7666 60.3298 0.0833 0.9583 0.2255 0.4909 0.8415
13.857 3.0599 56.7942 0.1667 0.9583 0.1335 0.8567 0.4982
-0.3781 1.7666 62.3286 0.0833 1 -0 0.4909 0.8712
13.857 3.0599 56.7942 0.1667 0.9583 0.1335 0.8567 0.4982
-0.3781 3.0599 58.6683 0.1667 1 -0 0.8567 0.5158
-0.3781 1.7666 62.3286 0.0833 1 -0 0.4909 0.8712
13.857 3.0599 56.7942 0.1667 0.9583 0.1335 0.8567 0.4982
12.5629 3.5332 51.9646 0.25 0.9583 0.0056 0.9998 0.0208
-0.3781 3.0599 58.6683 0.1667 1 -0 0.8567 0.5158
12.5629 3.5332 51.9646 0.25 0.9583 0.0056 0.9998 0.0208
-0.3781 3.5332 53.6683 0.25 1 -0 0.9998 0.0216
-0.3781 3.0599 58.6683 0.1667 1 -0 0.8567 0.5158
12.5629 3.5332 51.9646 0.25 0.9583 0.0056 0.9998 0.0208
11.2688 3.0599 47.135 0.3333 0.9583 -0.1251 0.8753 -0.467
-0.3781 3.5332 53.6683 0.25 1 -0 0.9998 0.0216
11.2688 3.0599 47.135 0.3333 0.9583 -0.1251 0.8753 -0.467
-0.3781 3.0599 48.6683 0.3333 1 0 0.8753 -0.4835
-0.3781 3.5332 53.6683 0.25 1 -0 0.9998 0.0216
11.2688 3.0599 47.135 0.3333 0.9583 -0.1251 0.8753 -0.467
10.3215 1.7666 43.5994 0.4167 0.9583 -0.2227 0.5096 -0.8311
-0.3781 3.0599 48.6683 0.3333 1 0 0.8753 -0.4835
10.3215 1.7666 43.5994 0.4167 0.9583 -0.2227 0.5096 -0.8311
-0.3781 1.7666 45.0081 0.4167 1 0 0.5096 -0.8604
-0.3781 3.0599 48.6683 0.3333 1 0 0.8753 -0.4835
10.3215 1.7666 43.5994 0.4167 0.9583 -0.2227 0.5096 -0.8311
9.9747 0 42.3053 0.5 0.9583 -0.2588 0 -0.9659
-0.3781 1.7666 45.0081 0.4167 1 0 0.5096 -0.8604
9.9747 0 42.3053 0.5 0.9583 -0.2588 0 -0.9659
-0.3781 0 43.6683 0.5 1 0 0 -1
-0.3781 1.7666 45.0081 0.4167 1 0 0.5096 -0.8604
9.9747 0 42.3053 0.5 0.9583 -0.2588 0 -0.9659
10.3215 -1.7666 43.5994 0.5833 0.9583 -0.2227 -0.5096 -0.8311
-0.3781 0 43.6683 0.5 1 0 0 -1
10.3215 -1.7666 43.5994 0.5833 0.9583 -0.2227 -0.5096 -0.8311
-0.3781 -1.7666 45.0081 0.5833 1 0 -0.5095 -0.8604
-0.3781 0 43.6683 0.5 1 0 0 -1
10.3215 -1.7666 43.5994 0.5833 0.9583 -0.2227 -0.5096 -0.8311
11.2688 -3.0599 47.135 0.6667 0.9583 -0.1251 -0.8753 -0.467
-0.3781 -1.7666 45.0081 0.5833 1 0 -0.5095 -0.8604
11.2688 -3.0599 47.135 0.6667 0.9583 -0.1251 -0.8753 -0.467
-0.3781 -3.0599 48.6683 0.6667 1 0 -0.8753 -0.4835
-0.3781 -1.7666 45.0081 0.5833 1 0 -0.5095 -0.8604
11.2688 -3.0599 47.135 0.6667 0.9583 -0.1251 -0.8753 -0.467
12.5629 -3.5332 51.9646 0.75 0.9583 0.0056 -0.9998 0.0208
-0.3781 -3.0599 48.6683 0.6667 1 0 -0.8753 -0.4835
12.5629 -3.5332 51.9646 0.75 0.9583 0.0056 -0.9998 0.0208
-0.3781 -3.5332 53.6683 0.75 1 -0 -0.9998 0.0216
-0.3781 -3.0599 48.6683 0.6667 1 0 -0.8753 -0.4835
12.5629 -3.5332 51.9646 0.75 0.9583 0.0056 -0.9998 0.0208
13.857 -3.0599 56.7942 0.8333 0.9583 0.1335 -0.8567 0.4982
-0.3781 -3.5332 53.6683 0.75 1 -0 -0.9998 0.0216
13.857 -3.0599 56.7942 0.8333 0.9583 0.1335 -0.8567 0.4982
-0.3781 -3.0599 58.6683 0.8333 1 -0 -0.8567 0.5158
-0.3781 -3.5332 53.6683 0.75 1 -0 -0.9998 0.0216
13.857 -3.0599 56.7942 0.8333 0.9583 0.1335 -0.8567 0.4982
14.8043 -1.7666 60.3298 0.9167 0.9583 0.2255 -0.4909 0.8415
-0.3781 -3.0599 58.6683 0.8333 1 -0 -0.8567 0.5158
14.8043 -1.7666 60.3298 0.9167 0.9583 0.2255 -0.4909 0.8415
-0.3781 -1.7666 62.3286 0.9167 1 -0 -0.4909 0.8712
-0.3781 -3.0599 58.6683 0.8333 1 -0 -0.8567 0.5158
14.8043 -1.7666 60.3298 0.9167 0.9583 0.2255 -0.4909 0.8415
15.1511 0 61.6239 1 0.9583 0.2588 -0 0.9659
-0.3781 -1.7666 62.3286 0.9167 1 -0 -0.4909 0.8712
15.1511 0 61.6239 1 0.9583 0.2588 -0 0.9659
-0.3781 0 63.6683 1 1 -0 -0 1
-0.3781 -1.7666 62.3286 0.9167 1 -0 -0.4909 0.8712
29.6219 0 55.6298 0 0.9167 0.5 -0 0.866
28.9521 1.7666 54.4696 0.0833 0.9167 0.4356 0.4909 0.7545
15.1511 0 61.6239 0 0.9583 0.2588 -0 0.9659
28.9521 1.7666 54.4696 0.0833 0.9167 0.4356 0.4909 0.7545
14.8043 1.7666 60.3298 0.0833 0.9583 0.2255 0.4909 0.8415
15.1511 0 61.6239 0 0.9583 0.2588 -0 0.9659
28.9521 1.7666 54.4696 0.0833 0.9167 0.4356 0.4909 0.7545
27.1219 3.0599 51.2997 0.1667 0.9167 0.2579 0.8567 0.4467
14.8043 1.7666 60.3298 0.0833 0.9583 0.2255 0.4909 0.8415
27.1219 3.0599 51.2997 0.1667 0.9167 0.2579 0.8567 0.4467
13.857 3.0599 56.7942 0.1667 0.9583 0.1335 0.8567 0.4982
14.8043 1.7666 60.3298 0.0833 0.9583 0.2255 0.4909 0.8415
27.1219 3.0599 51.2997 0.1667 0.9167 0.2579 0.8567 0.4467
24.6219 3.5332 46.9696 0.25 0.9167 0.0108 0.9998 0.0187
13.857 3.0599 56.7942 0.1667 0.9583 0.1335 0.8567 0.4982
24.6219 3.5332 46.9696 0.25 0.9167 0.0108 0.9998 0.0187
12.5629 3.5332 51.9646 0.25 0.9583 0.0056 0.9998 0.0208
13.857 3.0599 56.7942 0.1667 0.9583 0.1335 0.8567 0.4982
24.6219 3.5332 46.9696 0.25 0.9167 0.0108 0.9998 0.0187
22.1219 3.0599 42.6395 0.3333 0.9167 -0.2417 0.8753 -0.4187
12.5629 3.5332 51.9646 0.25 0.9583 0.0056 0.9998 0.0208
22.1219 3.0599 42.6395 0.3333 0.9167 -0.2417 0.8753 -0.4187
11.2688 3.0599 47.135 0.3333 0.9583 -0.1251 0.8753 -0.467
12.5629 3.5332 51.9646 0.25 0.9583 0.0056 0.9998 0.0208
22.1219 3.0599 42.6395 0.3333 0.9167 -0.2417 0.8753 -0.4187
20.2918 1.7666 39.4696 0.4167 0.9167 -0.4302 0.5096 -0.7452
11.2688 3.0599 47.135 0.3333 0.9583 -0.1251 0.8753 -0.467
20.2918 1.7666 39.4696 0.4167 0.9167 -0.4302 0.5096 -0.7452
10.3215 1.7666 43.5994 0.4167 0.9583 -0.2227 0.5096 -0.8311
11.2688 3.0599 47.135 0.3333 0.9583 -0.1251 0.8753 -0.467
20.2918 1.7666 39.4696 0.4167 0.9167 -0.4302 0.5096 -0.7452
19.6219 0 38.3093 0.5 0.9167 -0.5 0 -0.866
10.3215 1.7666 43.5994 0.4167 0.9583 -0.2227 0.5096 -0.8311
19.6219 0 38.3093 0.5 0.9167 -0.5 0 -0.866
9.9747 0 42.3053 0.5 0.9583 -0.2588 0 -0.9659
10.3215 1.7666 43.5994 0.4167 0.9583 -0.2227 0.5096 -0.8311
19.6219 0 38.3093 0.5 0.9167 -0.5 0 -0.866
20.2918 -1.7666 39.4696 0.5833 0.9167 -0.4302 -0.5095 -0.7452
9.9747 0 42.3053 0.5 0.9583 -0.2588 0 -0.9659
20.2918 -1.7666 39.4696 0.5833 0.9167 -0.4302 -0.5095 -0.7452
10.3215 -1.7666 43.5994 0.5833 0.9583 -0.2227 -0.5096 -0.8311
9.9747 0 42.3053 0.5 0.9583 -0.2588 0 -0.9659
20.2918 -1.7666 39.4696 0.5833 0.9167 -0.4302 -0.5095 -0.7452
22.1219 -3.0599 42.6395 0.6667 0.9167 -0.2417 -0.8753 -0.4187
10.3215 -1.7666 43.5994 0.5833 0.9583 -0.2227 -0.5096 -0.8311
22.1219 -3.0599 42.6395 0.6667 0.9167 -0.2417 -0.8753 -0.4187
11.2688 -3.0599 47.135 0.6667 0.9583 -0.1251 -0.8753 -0.467
10.3215 -1.7666 43.5994 0.5833 0.9583 -0.2227 -0.5096 -0.8311
22.1219 -3.0599 42.6395 0.6667 0.9167 -0.2417 -0.8753 -0.4187
24.6219 -3.5332 46.9696 0.75 0.9167 0.0108 -0.9998 0.0187
11.2688 -3.0599 47.135 0.6667 0.9583 -0.1251 -0.8753 -0.467
24.6219 -3.5332 46.9696 0.75 0.9167 0.0108 -0.9998 0.0187
12.5629 -3.5332 51.9646 0.75 0.9583 0.0056 -0.9998 0.0208
11.2688 -3.0599 47.135 0.6667 0.9583 -0.1251 -0.8753 -0.467
24.6219 -3.5332 46.9696 0.75 0.9167 0.0108 -0.9998 0.0187
27.1219 -3.0599 51.2997 0.8333 0.9167 0.2579 -0.8567 0.4467
12.5629 -3.5332 51.9646 0.75 0.9583 0.0056 -0.9998 0.0208
27.1219 -3.0599 51.2997 0.8333 0.9167 0.2579 -0.8567 0.4467
13.857 -3.0599 56.7942 0.8333 0.9583 0.1335 -0.8567 0.4982
12.5629 -3.5332 51.9646 0.75 0.9583 0.0056 -0.9998 0.0208
27.1219 -3.0599 51.2997 0.8333 0.9167 0.2579 -0.8567 0.4467
28.9521 -1.7666 54.4696 0.9167 0.9167 0.4356 -0.4909 0.7545
13.857 -3.0599 56.7942 0.8333 0.9583 0.1335 -0.8567 0.4982
28.9521 -1.7666 54.4696 0.9167 0.9167 0.4356 -0.4909 0.7545
14.8043 -1.7666 60.3298 0.9167 0.9583 0.2255 -0.4909 0.8415
13.857 -3.0599 56.7942 0.8333 0.9583 0.1335 -0.8567 0.4982
28.9521 -1.7666 54.4696 0.9167 0.9167 0.4356 -0.4909 0.7545
29.6219 0 55.6298 1 0.9167 0.5 -0 0.866
14.8043 -1.7666 60.3298 0.9167 0.9583 0.2255 -0.4909 0.8415
29.6219 0 55.6298 1 0.9167 0.5 -0 0.866
15.1511 0 61.6239 1 0.9583 0.2588 -0 0.9659
14.8043 -1.7666 60.3298 0.9167 0.9583 0.2255 -0.4909 0.8415
42.0483 0 46.0947 0 0.875 0.7071 -0 0.7071
41.101 1.7666 45.1474 0.0833 0.875 0.616 0.4909 0.616
29.6219 0 55.6298 0 0.9167 0.5 -0 0.866
41.101 1.7666 45.1474 0.0833 0.875 0.616 0.4909 0.616
28.9521 1.7666 54.4696 0.0833 0.9167 0.4356 0.4909 0.7545
29.6219 0 55.6298 0 0.9167 0.5 -0 0.866
41.101 1.7666 45.1474 0.0833 0.875 0.616 0.4909 0.616
38.5128 3.0599 42.5592 0.1667 0.875 0.3647 0.8567 0.3647
28.9521 1.7666 54.4696 0.0833 0.9167 0.4356 0.4909 0.7545
38.5128 3.0599 42.5592 0.1667 0.875 0.3647 0.8567 0.3647
27.1219 3.0599 51.2997 0.1667 0.9167 0.2579 0.8567 0.4467
28.9521 1.7666 54.4696 0.0833 0.9167 0.4356 0.4909 0.7545
38.5128 3.0599 42.5592 0.1667 0.875 0.3647 0.8567 0.3647
34.9773 3.5332 39.0237 0.25 0.875 0.0152 0.9998 0.0152
27.1219 3.0599 51.2997 0.1667 0.9167 0.2579 0.8567 0.4467
34.9773 3.5332 39.0237 0.25 0.875 0.0152 0.9998 0.0152
24.6219 3.5332 46.9696 0.25 0.9167 0.0108 0.9998 0.0187
27.1219 3.0599 51.2997 0.1667 0.9167 0.2579 0.8567 0.4467
34.9773 3.5332 39.0237 0.25 0.875 0.0152 0.9998 0.0152
31.4417 3.0599 35.4881 0.3333 0.875 -0.3419 0.8753 -0.3419
24.6219 3.5332 46.9696 0.25 0.9167 0.0108 0.9998 0.0187
31.4417 3.0599 35.4881 0.3333 0.875 -0.3419 0.8753 -0.3419
22.1219 3.0599 42.6395 0.3333 0.9167 -0.2417 0.8753 -0.4187
24.6219 3.5332 46.9696 0.25 0.9167 0.0108 0.9998 0.0187
31.4417 3.0599 35.4881 0.3333 0.875 -0.3419 0.8753 -0.3419
28.8536 1.7666 32.8999 0.4167 0.875 -0.6084 0.5096 -0.6084
22.1219 3.0599 42.6395 0.3333 0.9167 -0.2417 0.8753 -0.4187
28.8536 1.7666 32.8999 0.4167 0.875 -0.6084 0.5096 -0.6084
20.2918 1.7666 39.4696 0.4167 0.9167 -0.4302 0.5096 -0.7452
22.1219 3.0599 42.6395 0.3333 0.9167 -0.2417 0.8753 -0.4187
28.8536 1.7666 32.8999 0.4167 0.875 -0.6084 0.5096 -0.6084
27.9062 0 31.9526 0.5 0.875 -0.7071 -0 -0.7071
20.2918 1.7666 39.4696 0.4167 0.9167 -0.4302 0.5096 -0.7452
27.9062 0 31.9526 0.5 0.875 -0.7071 -0 -0.7071
19.6219 0 38.3093 0.5 0.9167 -0.5 0 -0.866
20.2918 1.7666 39.4696 0.4167 0.9167 -0.4302 0.5096 -0.7452
27.9062 0 31.9526 0.5 0.875 -0.7071 -0 -0.7071
28.8536 -1.7666 32.8999 0.5833 0.875 -0.6084 -0.5095 -0.6084
19.6219 0 38.3093 0.5 0.9167 -0.5 0 -0.866
28.8536 -1.7666 32.8999 0.5833 0.875 -0.6084 -0.5095 -0.6084
20.2918 -1.7666 39.4696 0.5833 0.9167 -0.4302 -0.5095 -0.7452
19.6219 0 38.3093 0.5 0.9167 -0.5 0 -0.866
28.8536 -1.7666 32.8999 0.5833 0.875 -0.6084 -0.5095 -0.6084
31.4417 -3.0599 35.4881 0.6667 0.875 -0.3419 -0.8753 -0.3419
20.2918 -1.7666 39.4696 0.5833 0.9167 -0.4302 -0.5095 -0.7452
31.4417 -3.0599 35.4881 0.6667 0.875 -0.3419 -0.8753 -0.3419
22.1219 -3.0599 42.6395 0.6667 0.9167 -0.2417 -0.8753 -0.4187
20.2918 -1.7666 39.4696 0.5833 0.9167 -0.4302 -0.5095 -0.7452
31.4417 -3.0599 35.4881 0.6667 0.875 -0.3419 -0.8753 -0.3419
34.9773 -3.5332 39.0237 0.75 0.875 0.0152 -0.9998 0.0152
22.1219 -3.0599 42.6395 0.6667 0.9167 -0.2417 -0.8753 -0.4187
34.9773 -3.5332 39.0237 0.75 0.875 0.0152 -0.9998 0.0152
24.6219 -3.5332 46.9696 0.75 0.9167 0.0108 -0.9998 0.0187
22.1219 -3.0599 42.6395 0.6667 0.9167 -0.2417 -0.8753 -0.4187
34.9773 -3.5332 39.0237 0.75 0.875 0.0152 -0.9998 0.0152
38.5128 -3.0599 42.5592 0.8333 0.875 0.3647 -0.8567 0.3647
24.6219 -3.5332 46.9696 0.75 0.9167 0.0108 -0.9998 0.0187
38.5128 -3.0599 42.5592 0.8333 0.875 0.3647 -0.8567 0.3647
27.1219 -3.0599 51.2997 0.8333 0.9167 0.2579 -0.8567 0.4467
24.6219 -3.5332 46.9696 0.75 0.9167 0.0108 -0.9998 0.0187
38.5128 -3.0599 42.5592 0.8333 0.875 0.3647 -0.8567 0.3647
41.101 -1.7666 45.1474 0.9167 0.875 0.616 -0.4909 0.616
27.1219 -3.0599 51.2997 0.8333 0.9167 0.2579 -0.8567 0.4467
41.101 -1.7666 45.1474 0.9167 0.875 0.616 -0.4909 0.616
28.9521 -1.7666 54.4696 0.9167 0.9167 0.4356 -0.4909 0.7545
27.1219 -3.0599 51.2997 0.8333 0.9167 0.2579 -0.8567 0.4467
41.101 -1.7666 45.1474 0.9167 0.875 0.616 -0.4909 0.616
42.0483 0 46.0947 1 0.875 0.7071 -0 0.7071
28.9521 -1.7666 54.4696 0.9167 0.9167 0.4356 -0.4909 0.7545
42.0483 0 46.0947 1 0.875 0.7071 -0 0.7071
29.6219 0 55.6298 1 0.9167 0.5 -0 0.866
28.9521 -1.7666 54.4696 0.9167 0.9167 0.4356 -0.4909 0.7545
51.5835 0 33.6683 0 0.8333 0.866 -0 0.5
50.4232 1.7666 32.9984 0.0833 0.8333 0.7545 0.4909 0.4356
42.0483 0 46.0947 0 0.875 0.7071 -0 0.7071
50.4232 1.7666 32.9984 0.0833 0.8333 0.7545 0.4909 0.4356
41.101 1.7666 45.1474 0.0833 0.875 0.616 0.4909 0.616
42.0483 0 46.0947 0 0.875 0.7071 -0 0.7071
50.4232 1.7666 32.9984 0.0833 0.8333 0.7545 0.4909 0.4356
47.2533 3.0599 31.1683 0.1667 0.8333 0.4467 0.8567 0.2579
41.101 1.7666 45.1474 0.0833 0.875 0.616 0.4909 0.616
47.2533 3.0599 31.1683 0.1667 0.8333 0.4467 0.8567 0.2579
38.5128 3.0599 42.5592 0.1667 0.875 0.3647 0.8567 0.3647
41.101 1.7666 45.1474 0.0833 0.875 0.616 0.4909 0.616
47.2533 3.0599 31.1683 0.1667 0.8333 0.4467 0.8567 0.2579
42.9232 3.5332 28.6683 0.25 0.8333 0.0187 0.9998 0.0108
38.5128 3.0599 42.5592 0.1667 0.875 0.3647 0.8567 0.3647
42.9232 3.5332 28.6683 0.25 0.8333 0.0187 0.9998 0.0108
34.9773 3.5332 39.0237 0.25 0.875 0.0152 0.9998 0.0152
38.5128 3.0599 42.5592 0.1667 0.875 0.3647 0.8567 0.3647
42.9232 3.5332 28.6683 0.25 0.8333 0.0187 0.9998 0.0108
38.5931 3.0599 26.1683 0.3333 0.8333 -0.4187 0.8753 -0.2417
34.9773 3.5332 39.0237 0.25 0.875 0.0152 0.9998 0.0152
38.5931 3.0599 26.1683 0.3333 0.8333 -0.4187 0.8753 -0.2417
31.4417 3.0599 35.4881 0.3333 0.875 -0.3419 0.8753 -0.3419
34.9773 3.5332 39.0237 0.25 0.875 0.0152 0.9998 0.0152
38.5931 3.0599 26.1683 0.3333 0.8333 -0.4187 0.8753 -0.2417
35.4232 1.7666 24.3382 0.4167 0.8333 -0.7452 0.5096 -0.4302
31.4417 3.0599 35.4881 0.3333 0.875 -0.3419 0.8753 -0.3419
35.4232 1.7666 24.3382 0.4167 0.8333 -0.7452 0.5096 -0.4302
28.8536 1.7666 32.8999 0.4167 0.875 -0.6084 0.5096 -0.6084
31.4417 3.0599 35.4881 0.3333 0.875 -0.3419 0.8753 -0.3419
35.4232 1.7666 24.3382 0.4167 0.8333 -0.7452 0.5096 -0.4302
34.263 0 23.6683 0.5 0.8333 -0.866 -0 -0.5
28.8536 1.7666 32.8999 0.4167 0.875 -0.6084 0.5096 -0.6084
34.263 0 23.6683 0.5 0.8333 -0.866 -0 -0.5
27.9062 0 31.9526 0.5 0.875 -0.7071 -0 -0.7071
28.8536 1.7666 32.8999 0.4167 0.875 -0.6084 0.5096 -0.6084
34.263 0 23.6683 0.5 0.8333 -0.866 -0 -0.5
35.4232 -1.7666 24.3382 0.5833 0.8333 -0.7452 -0.5095 -0.4302
27.9062 0 31.9526 0.5 0.875 -0.7071 -0 -0.7071
35.4232 -1.7666 24.3382 0.5833 0.8333 -0.7452 -0.5095 -0.4302
28.8536 -1.7666 32.8999 0.5833 0.875 -0.6084 -0.5095 -0.6084
27.9062 0 31.9526 0.5 0.875 -0.7071 -0 -0.7071
35.4232 -1.7666 24.3382 0.5833 0.8333 -0.7452 -0.5095 -0.4302
38.5931 -3.0599 26.1683 0.6667 0.8333 -0.4187 -0.8753 -0.2417
28.8536 -1.7666 32.8999 0.5833 0.875 -0.6084 -0.5095 -0.6084
38.5931 -3.0599 26.1683 0.6667 0.8333 -0.4187 -0.8753 -0.2417
31.4417 -3.0599 35.4881 0.6667 0.875 -0.3419 -0.8753 -0.3419
28.8536 -1.7666 32.8999 0.5833 0.875 -0.6084 -0.5095 -0.6084
38.5931 -3.0599 26.1683 0.6667 0.8333 -0.4187 -0.8753 -0.2417
42.9232 -3.5332 28.6683 0.75 0.8333 0.0187 -0.9998 0.0108
31.4417 -3.0599 35.4881 0.6667 0.875 -0.3419 -0.8753 -0.3419
42.9232 -3.5332 28.6683 0.75 0.8333 0.0187 -0.9998 0.0108
34.9773 -3.5332 39.0237 0.75 0.875 0.0152 -0.9998 0.0152
31.4417 -3.0599 35.4881 0.6667 0.875 -0.3419 -0.8753 -0.3419
42.9232 -3.5332 28.6683 0.75 0.8333 0.0187 -0.9998 0.0108
47.2533 -3.0599 31.1683 0.8333 0.8333 0.4467 -0.8567 0.2579
34.9773 -3.5332 39.0237 0.75 0.875 0.0152 -0.9998 0.0152
47.2533 -3.0599 31.1683 0.8333 0.8333 0.4467 -0.8567 0.2579
38.5128 -3.0599 42.5592 0.8333 0.875 0.3647 -0.8567 0.3647
34.9773 -3.5332 39.0237 0.75 0.875 0.0152 -0.9998 0.0152
47.2533 -3.0599 31.1683 0.8333 0.8333 0.4467 -0.8567 0.2579
50.4232 -1.7666 32.9984 0.9167 0.8333 0.7545 -0.4909 0.4356
38.5128 -3.0599 42.5592 0.8333 0.875 0.3647 -0.8567 0.3647
50.4232 -1.7666 32.9984 0.9167 0.8333 0.7545 -0.4909 0.4356
41.101 -1.7666 45.1474 0.9167 0.875 0.616 -0.4909 0.616
38.5128 -3.0599 42.5592 0.8333 0.875 0.3647 -0.8567 0.3647
50.4232 -1.7666 32.9984 0.9167 0.8333 0.7545 -0.4909 0.4356
51.5835 0 33.6683 1 0.8333 0.866 -0 0.5
41.101 -1.7666 45.1474 0.9167 0.875 0.616 -0.4909 0.616
51.5835 0 33.6683 1 0.8333 0.866 -0 0.5
42.0483 0 46.0947 1 0.875 0.7071 -0 0.7071
41.101 -1.7666 45.1474 0.9167 0.875 0.616 -0.4909 0.616
57.5775 0 19.1975 0 0.7917 0.9659 -0 0.2588
56.2834 1.7666 18.8507 0.0833 0.7917 0.8415 0.4909 0.2255
51.5835 0 33.6683 0 0.8333 0.866 -0 0.5
56.2834 1.7666 18.8507 0.0833 0.7917 0.8415 0.4909 0.2255
50.4232 1.7666 32.9984 0.0833 0.8333 0.7545 0.4909 0.4356
51.5835 0 33.6683 0 0.8333 0.866 -0 0.5
56.2834 1.7666 18.8507 0.0833 0.7917 0.8415 0.4909 0.2255
52.7479 3.0599 17.9034 0.1667 0.7917 0.4982 0.8567 0.1335
50.4232 1.7666 32.9984 0.0833 0.8333 0.7545 0.4909 0.4356
52.7479 3.0599 17.9034 0.1667 0.7917 0.4982 0.8567 0.1335
47.2533 3.0599 31.1683 0.1667 0.8333 0.4467 0.8567 0.2579
50.4232 1.7666 32.9984 0.0833 0.8333 0.7545 0.4909 0.4356
52.7479 3.0599 17.9034 0.1667 0.7917 0.4982 0.8567 0.1335
47.9182 3.5332 16.6093 0.25 0.7917 0.0208 0.9998 0.0056
47.2533 3.0599 31.1683 0.1667 0.8333 0.4467 0.8567 0.2579
47.9182 3.5332 16.6093 0.25 0.7917 0.0208 0.9998 0.0056
42.9232 3.5332 28.6683 0.25 0.8333 0.0187 0.9998 0.0108
47.2533 3.0599 31.1683 0.1667 0.8333 0.4467 0.8567 0.2579
47.9182 3.5332 16.6093 0.25 0.7917 0.0208 0.9998 0.0056
43.0886 3.0599 15.3152 0.3333 0.7917 -0.467 0.8753 -0.1251
42.9232 3.5332 28.6683 0.25 0.8333 0.0187 0.9998 0.0108
43.0886 3.0599 15.3152 0.3333 0.7917 -0.467 0.8753 -0.1251
38.5931 3.0599 26.1683 0.3333 0.8333 -0.4187 0.8753 -0.2417
42.9232 3.5332 28.6683 0.25 0.8333 0.0187 0.9998 0.0108
43.0886 3.0599 15.3152 0.3333 0.7917 -0.467 0.8753 -0.1251
39.5531 1.7666 14.3678 0.4167 0.7917 -0.8311 0.5096 -0.2227
38.5931 3.0599 26.1683 0.3333 0.8333 -0.4187 0.8753 -0.2417
39.5531 1.7666 14.3678 0.4167 0.7917 -0.8311 0.5096 -0.2227
35.4232 1.7666 24.3382 0.4167 0.8333 -0.7452 0.5096 -0.4302
38.5931 3.0599 26.1683 0.3333 0.8333 -0.4187 0.8753 -0.2417
39.5531 1.7666 14.3678 0.4167 0.7917 -0.8311 0.5096 -0.2227
38.259 0 14.0211 0.5 0.7917 -0.9659 0 -0.2588
35.4232 1.7666 24.3382 0.4167 0.8333 -0.7452 0.5096 -0.4302
38.259 0 14.0211 0.5 0.7917 -0.9659 0 -0.2588
34.263 0 23.6683 0.5 0.8333 -0.866 -0 -0.5
35.4232 1.7666 24.3382 0.4167 0.8333 -0.7452 0.5096 -0.4302
38.259 0 14.0211 0.5 0.7917 -0.9659 0 -0.2588
39.5531 -1.7666 14.3678 0.5833 0.7917 -0.8311 -0.5096 -0.2227
34.263 0 23.6683 0.5 0.8333 -0.866 -0 -0.5
39.5531 -1.7666 14.3678 0.5833 0.7917 -0.8311 -0.5096 -0.2227
35.4232 -1.7666 24.3382 0.5833 0.8333 -0.7452 -0.5095 -0.4302
34.263 0 23.6683 0.5 0.8333 -0.866 -0 -0.5
39.5531 -1.7666 14.3678 0.5833 0.7917 -0.8311 -0.5096 -0.2227
43.0886 -3.0599 15.3152 0.6667 0.7917 -0.467 -0.8753 -0.1251
35.4232 -1.7666 24.3382 0.5833 0.8333 -0.7452 -0.5095 -0.4302
43.0886 -3.0599 15.3152 0.6667 0.7917 -0.467 -0.8753 -0.1251
38.5931 -3.0599 26.1683 0.6667 0.8333 -0.4187 -0.8753 -0.2417
35.4232 -1.7666 24.3382 0.5833 0.8333 -0.7452 -0.5095 -0.4302
43.0886 -3.0599 15.3152 0.6667 0.7917 -0.467 -0.8753 -0.1251
47.9182 -3.5332 16.6093 0.75 0.7917 0.0208 -0.9998 0.0056
38.5931 -3.0599 26.1683 0.6667 0.8333 -0.4187 -0.8753 -0.2417
47.9182 -3.5332 16.6093 0.75 0.7917 0.0208 -0.9998 0.0056
42.9232 -3.5332 28.6683 0.75 0.8333 0.0187 -0.9998 0.0108
38.5931 -3.0599 26.1683 0.6667 0.8333 -0.4187 -0.8753 -0.2417
47.9182 -3.5332 16.6093 0.75 0.7917 0.0208 -0.9998 0.0056
52.7479 -3.0599 17.9034 0.8333 0.7917 0.4982 -0.8567 0.1335
42.9232 -3.5332 28.6683 0.75 0.8333 0.0187 -0.9998 0.0108
52.7479 -3.0599 17.9034 0.8333 0.7917 0.4982 -0.8567 0.1335
47.2533 -3.0599 31.1683 0.8333 0.8333 0.4467 -0.8567 0.2579
42.9232 -3.5332 28.6683 0.75 0.8333 0.0187 -0.9998 0.0108
52.7479 -3.0599 17.9034 0.8333 0.7917 0.4982 -0.8567 0.1335
56.2834 -1.7666 18.8507 0.9167 0.7917 0.8415 -0.4909 0.2255
47.2533 -3.0599 31.1683 0.8333 0.8333 0.4467 -0.8567 0.2579
56.2834 -1.7666 18.8507 0.9167 0.7917 0.8415 -0.4909 0.2255
50.4232 -1.7666 32.9984 0.9167 0.8333 0.7545 -0.4909 0.4356
47.2533 -3.0599 31.1683 0.8333 0.8333 0.4467 -0.8567 0.2579
56.2834 -1.7666 18.8507 0.9167 0.7917 0.8415 -0.4909 0.2255
57.5775 0 19.1975 1 0.7917 0.9659 -0 0.2588
50.4232 -1.7666 32.9984 0.9167 0.8333 0.7545 -0.4909 0.4356
57.5775 0 19.1975 1 0.7917 0.9659 -0 0.2588
51.5835 0 33.6683 1 0.8333 0.866 -0 0.5
50.4232 -1.7666 32.9984 0.9167 0.8333 0.7545 -0.4909 0.4356
59.6219 0 3.6683 0 0.75 1 -0 0
58.2822 1.7666 3.6683 0.0833 0.75 0.8712 0.4909 0
57.5775 0 19.1975 0 0.7917 0.9659 -0 0.2588
58.2822 1.7666 3.6683 0.0833 0.75 0.8712 0.4909 0
56.2834 1.7666 18.8507 0.0833 0.7917 0.8415 0.4909 0.2255
57.5775 0 19.1975 0 0.7917 0.9659 -0 0.2588
58.2822 1.7666 3.6683 0.0833 0.75 0.8712 0.4909 0
54.6219 3.0599 3.6683 0.1667 0.75 0.5158 0.8567 0
56.2834 1.7666 18.8507 0.0833 0.7917 0.8415 0.4909 0.2255
54.6219 3.0599 3.6683 0.1667 0.75 0.5158 0.8567 0
52.7479 3.0599 17.9034 0.1667 0.7917 0.4982 0.8567 0.1335
56.2834 1.7666 18.8507 0.0833 0.7917 0.8415 0.4909 0.2255
54.6219 3.0599 3.6683 0.1667 0.75 0.5158 0.8567 0
49.6219 3.5332 3.6683 0.25 0.75 0.0216 0.9998 0
52.7479 3.0599 17.9034 0.1667 0.7917 0.4982 0.8567 0.1335
49.6219 3.5332 3.6683 0.25 0.75 0.0216 0.9998 0
47.9182 3.5332 16.6093 0.25 0.7917 0.0208 0.9998 0.0056
52.7479 3.0599 17.9034 0.1667 0.7917 0.4982 0.8567 0.1335
49.6219 3.5332 3.6683 0.25 0.75 0.0216 0.9998 0
44.6219 3.0599 3.6683 0.3333 0.75 -0.4835 0.8753 0
47.9182 3.5332 16.6093 0.25 0.7917 0.0208 0.9998 0.0056
44.6219 3.0599 3.6683 0.3333 0.75 -0.4835 0.8753 0
43.0886 3.0599 15.3152 0.3333 0.7917 -0.467 0.8753 -0.1251
47.9182 3.5332 16.6093 0.25 0.7917 0.0208 0.9998 0.0056
44.6219 3.0599 3.6683 0.3333 0.75 -0.4835 0.8753 0
40.9617 1.7666 3.6683 0.4167 0.75 -0.8604 0.5096 0
43.0886 3.0599 15.3152 0.3333 0.7917 -0.467 0.8753 -0.1251
40.9617 1.7666 3.6683 0.4167 0.75 -0.8604 0.5096 0
39.5531 1.7666 14.3678 0.4167 0.7917 -0.8311 0.5096 -0.2227
43.0886 3.0599 15.3152 0.3333 0.7917 -0.467 0.8753 -0.1251
40.9617 1.7666 3.6683 0.4167 0.75 -0.8604 0.5096 0
39.6219 0 3.6683 0.5 0.75 -1 0 -0
39.5531 1.7666 14.3678 0.4167 0.7917 -0.8311 0.5096 -0.2227
39.6219 0 3.6683 0.5 0.75 -1 0 -0
38.259 0 14.0211 0.5 0.7917 -0.9659 0 -0.2588
39.5531 1.7666 14.3678 0.4167 0.7917 -0.8311 0.5096 -0.2227
39.6219 0 3.6683 0.5 0.75 -1 0 -0
40.9617 -1.7666 3.6683 0.5833 0.75 -0.8604 -0.5095 -0
38.259 0 14.0211 0.5 0.7917 -0.9659 0 -0.2588
40.9617 -1.7666 3.6683 0.5833 0.75 -0.8604 -0.5095 -0
39.5531 -1.7666 14.3678 0.5833 0.7917 -0.8311 -0.5096 -0.2227
38.259 0 14.0211 0.5 0.7917 -0.9659 0 -0.2588
40.9617 -1.7666 3.6683 0.5833 0.75 -0.8604 -0.5095 -0
44.6219 -3.0599 3.6683 0.6667 0.75 -0.4835 -0.8753 -0
39.5531 -1.7666 14.3678 0.5833 0.7917 -0.8311 -0.5096 -0.2227
44.6219 -3.0599 3.6683 0.6667 0.75 -0.4835 -0.8753 -0
43.0886 -3.0599 15.3152 0.6667 0.7917 -0.467 -0.8753 -0.1251
39.5531 -1.7666 14.3678 0.5833 0.7917 -0.8311 -0.5096 -0.2227
44.6219 -3.0599 3.6683 0.6667 0.75 -0.4835 -0.8753 -0
49.6219 -3.5332 3.6683 0.75 0.75 0.0216 -0.9998 -0
43.0886 -3.0599 15.3152 0.6667 0.7917 -0.467 -0.8753 -0.1251
49.6219 -3.5332 3.6683 0.75 0.75 0.0216 -0.9998 -0
47.9182 -3.5332 16.6093 0.75 0.7917 0.0208 -0.9998 0.0056
43.0886 -3.0599 15.3152 0.6667 0.7917 -0.467 -0.8753 -0.1251
49.6219 -3.5332 3.6683 0.75 0.75 0.0216 -0.9998 -0
54.6219 -3.0599 3.6683 0.8333 0.75 0.5158 -0.8567 -0
47.9182 -3.5332 16.6093 0.75 0.7917 0.0208 -0.9998 0.0056
54.6219 -3.0599 3.6683 0.8333 0.75 0.5158 -0.8567 -0
52.7479 -3.0599 17.9034 0.8333 0.7917 0.4982 -0.8567 0.1335
47.9182 -3.5332 16.6093 0.75 0.7917 0.0208 -0.9998 0.0056
54.6219 -3.0599 3.6683 0.8333 0.75 0.5158 -0.8567 -0
58.2822 -1.7666 3.6683 0.9167 0.75 0.8712 -0.4909 0
52.7479 -3.0599 17.9034 0.8333 0.7917 0.4982 -0.8567 0.1335
58.2822 -1.7666 3.6683 0.9167 0.75 0.8712 -0.4909 0
56.2834 -1.7666 18.8507 0.9167 0.7917 0.8415 -0.4909 0.2255
52.7479 -3.0599 17.9034 0.8333 0.7917 0.4982 -0.8567 0.1335
58.2822 -1.7666 3.6683 0.9167 0.75 0.8712 -0.4909 0
59.6219 0 3.6683 1 0.75 1 -0 0
56.2834 -1.7666 18.8507 0.9167 0.7917 0.8415 -0.4909 0.2255
59.6219 0 3.6683 1 0.75 1 -0 0
57.5775 0 19.1975 1 0.7917 0.9659 -0 0.2588
56.2834 -1.7666 18.8507 0.9167 0.7917 0.8415 -0.4909 0.2255
57.5775 0 -11.8608 0 0.7083 0.9659 -0 -0.2588
56.2834 1.7666 -11.5141 0.0833 0.7083 0.8415 0.4909 -0.2255
59.6219 0 3.6683 0 0.75 1 -0 0
56.2834 1.7666 -11.5141 0.0833 0.7083 0.8415 0.4909 -0.2255
58.2822 1.7666 3.6683 0.0833 0.75 0.8712 0.4909 0
59.6219 0 3.6683 0 0.75 1 -0 0
56.2834 1.7666 -11.5141 0.0833 0.7083 0.8415 0.4909 -0.2255
52.7479 3.0599 -10.5667 0.1667 0.7083 0.4982 0.8567 -0.1335
58.2822 1.7666 3.6683 0.0833 0.75 0.8712 0.4909 0
52.7479 3.0599 -10.5667 0.1667 0.7083 0.4982 0.8567 -0.1335
54.6219 3.0599 3.6683 0.1667 0.75 0.5158 0.8567 0
58.2822 1.7666 3.6683 0.0833 0.75 0.8712 0.4909 0
52.7479 3.0599 -10.5667 0.1667 0.7083 0.4982 0.8567 -0.1335
47.9182 3.5332 -9.2726 0.25 0.7083 0.0208 0.9998 -0.0056
54.6219 3.0599 3.6683 0.1667 0.75 0.5158 0.8567 0
47.9182 3.5332 -9.2726 0.25 0.7083 0.0208 0.9998 -0.0056
49.6219 3.5332 3.6683 0.25 0.75 0.0216 0.9998 0
54.6219 3.0599 3.6683 0.1667 0.75 0.5158 0.8567 0
47.9182 3.5332 -9.2726 0.25 0.7083 0.0208 0.9998 -0.0056
43.0886 3.0599 -7.9785 0.3333 0.7083 -0.467 0.8753 0.1251
49.6219 3.5332 3.6683 0.25 0.75 0.0216 0.9998 0
43.0886 3.0599 -7.9785 0.3333 0.7083 -0.467 0.8753 0.1251
44.6219 3.0599 3.6683 0.3333 0.75 -0.4835 0.8753 0
49.6219 3.5332 3.6683 0.25 0.75 0.0216 0.9998 0
43.0886 3.0599 -7.9785 0.3333 0.7083 -0.467 0.8753 0.1251
39.5531 1.7666 -7.0312 0.4167 0.7083 -0.8311 0.5096 0.2227
44.6219 3.0599 3.6683 0.3333 0.75 -0.4835 0.8753 0
39.5531 1.7666 -7.0312 0.4167 0.7083 -0.8311 0.5096 0.2227
40.9617 1.7666 3.6683 0.4167 0.75 -0.8604 0.5096 0
44.6219 3.0599 3.6683 0.3333 0.75 -0.4835 0.8753 0
39.5531 1.7666 -7.0312 0.4167 0.7083 -0.8311 0.5096 0.2227
38.259 0 -6.6844 0.5 0.7083 -0.9659 -0 0.2588
40.9617 1.7666 3.6683 0.4167 0.75 -0.8604 0.5096 0
38.259 0 -6.6844 0.5 0.7083 -0.9659 -0 0.2588
39.6219 0 3.6683 0.5 0.75 -1 0 -0
40.9617 1.7666 3.6683 0.4167 0.75 -0.8604 0.5096 0
38.259 0 -6.6844 0.5 0.7083 -0.9659 -0 0.2588
39.5531 -1.7666 -7.0312 0.5833 0.7083 -0.8311 -0.5096 0.2227
39.6219 0 3.6683 0.5 0.75 -1 0 -0
39.5531 -1.7666 -7.0312 0.5833 0.7083 -0.8311 -0.5096 0.2227
40.9617 -1.7666 3.6683 0.5833 0.75 -0.8604 -0.5095 -0
39.6219 0 3.6683 0.5 0.75 -1 0 -0
39.5531 -1.7666 -7.0312 0.5833 0.7083 -0.8311 -0.5096 0.2227
43.0886 -3.0599 -7.9785 0.6667 0.7083 -0.467 -0.8753 0.1251
40.9617 -1.7666 3.6683 0.5833 0.75 -0.8604 -0.5095 -0
43.0886 -3.0599 -7.9785 0.6667 0.7083 -0.467 -0.8753 0.1251
44.6219 -3.0599 3.6683 0.6667 0.75 -0.4835 -0.8753 -0
40.9617 -1.7666 3.6683 0.5833 0.75 -0.8604 -0.5095 -0
43.0886 -3.0599 -7.9785 0.6667 0.7083 -0.467 -0.8753 0.1251
47.9182 -3.5332 -9.2726 0.75 0.7083 0.0208 -0.9998 -0.0056
44.6219 -3.0599 3.6683 0.6667 0.75 -0.4835 -0.8753 -0
47.9182 -3.5332 -9.2726 0.75 0.7083 0.0208 -0.9998 -0.0056
49.6219 -3.5332 3.6683 0.75 0.75 0.0216 -0.9998 -0
44.6219 -3.0599 3.6683 0.6667 0.75 -0.4835 -0.8753 -0
47.9182 -3.5332 -9.2726 0.75 0.7083 0.0208 -0.9998 -0.0056
52.7479 -3.0599 -10.5667 0.8333 0.7083 0.4982 -0.8567 -0.1335
49.6219 -3.5332 3.6683 0.75 0.75 0.0216 -0.9998 -0
52.7479 -3.0599 -10.5667 0.8333 0.7083 0.4982 -0.8567 -0.1335
54.6219 -3.0599 3.6683 0.8333 0.75 0.5158 -0.8567 -0
49.6219 -3.5332 3.6683 0.75 0.75 0.0216 -0.9998 -0
52.7479 -3.0599 -10.5667 0.8333 0.7083 0.4982 -0.8567 -0.1335
56.2834 -1.7666 -11.5141 0.9167 0.7083 0.8415 -0.4909 -0.2255
54.6219 -3.0599 3.6683 0.8333 0.75 0.5158 -0.8567 -0
56.2834 -1.7666 -11.5141 0.9167 0.7083 0.8415 -0.4909 -0.2255
58.2822 -1.7666 3.6683 0.9167 0.75 0.8712 -0.4909 0
54.6219 -3.0599 3.6683 0.8333 0.75 0.5158 -0.8567 -0
56.2834 -1.7666 -11.5141 0.9167 0.7083 0.8415 -0.4909 -0.2255
57.5775 0 -11.8608 1 0.7083 0.9659 -0 -0.2588
58.2822 -1.7666 3.6683 0.9167 0.75 0.8712 -0.4909 0
57.5775 0 -11.8608 1 0.7083 0.9659 -0 -0.2588
59.6219 0 3.6683 1 0.75 1 -0 0
58.2822 -1.7666 3.6683 0.9167 0.75 0.8712 -0.4909 0
51.5835 0 -26.3317 0 0.6667 0.866 -0 -0.5
50.4232 1.7666 -25.6618 0.0833 0.6667 0.7545 0.4909 -0.4356
57.5775 0 -11.8608 0 0.7083 0.9659 -0 -0.2588
50.4232 1.7666 -25.6618 0.0833 0.6667 0.7545 0.4909 -0.4356
56.2834 1.7666 -11.5141 0.0833 0.7083 0.8415 0.4909 -0.2255
57.5775 0 -11.8608 0 0.7083 0.9659 -0 -0.2588
50.4232 1.7666 -25.6618 0.0833 0.6667 0.7545 0.4909 -0.4356
47.2533 3.0599 -23.8317 0.1667 0.6667 0.4467 0.8567 -0.2579
56.2834 1.7666 -11.5141 0.0833 0.7083 0.8415 0.4909 -0.2255
47.2533 3.0599 -23.8317 0.1667 0.6667 0.4467 0.8567 -0.2579
52.7479 3.0599 -10.5667 0.1667 0.7083 0.4982 0.8567 -0.1335
56.2834 1.7666 -11.5141 0.0833 0.7083 0.8415 0.4909 -0.2255
47.2533 3.0599 -23.8317 0.1667 0.6667 0.4467 0.8567 -0.2579
42.9232 3.5332 -21.3317 0.25 0.6667 0.0187 0.9998 -0.0108
52.7479 3.0599 -10.5667 0.1667 0.7083 0.4982 0.8567 -0.1335
42.9232 3.5332 -21.3317 0.25 0.6667 0.0187 0.9998 -0.0108
47.9182 3.5332 -9.2726 0.25 0.7083 0.0208 0.9998 -0.0056
52.7479 3.0599 -10.5667 0.1667 0.7083 0.4982 0.8567 -0.1335
42.9232 3.5332 -21.3317 0.25 0.6667 0.0187 0.9998 -0.0108
38.5931 3.0599 -18.8317 0.3333 0.6667 -0.4187 0.8753 0.2417
47.9182 3.5332 -9.2726 0.25 0.7083 0.0208 0.9998 -0.0056
38.5931 3.0599 -18.8317 0.3333 0.6667 -0.4187 0.8753 0.2417
43.0886 3.0599 -7.9785 0.3333 0.7083 -0.467 0.8753 0.1251
47.9182 3.5332 -9.2726 0.25 0.7083 0.0208 0.9998 -0.0056
38.5931 3.0599 -18.8317 0.3333 0.6667 -0.4187 0.8753 0.2417
35.4232 1.7666 -17.0016 0.4167 0.6667 -0.7452 0.5096 0.4302
43.0886 3.0599 -7.9785 0.3333 0.7083 -0.467 0.8753 0.1251
35.4232 1.7666 -17.0016 0.4167 0.6667 -0.7452 0.5096 0.4302
39.5531 1.7666 -7.0312 0.4167 0.7083 -0.8311 0.5096 0.2227
43.0886 3.0599 -7.9785 0.3333 0.7083 -0.467 0.8753 0.1251
35.4232 1.7666 -17.0016 0.4167 0.6667 -0.7452 0.5096 0.4302
34.263 0 -16.3317 0.5 0.6667 -0.866 0 0.5
39.5531 1.7666 -7.0312 0.4167 0.7083 -0.8311 0.5096 0.2227
34.263 0 -16.3317 0.5 0.6667 -0.866 0 0.5
38.259 0 -6.6844 0.5 0.7083 -0.9659 -0 0.2588
39.5531 1.7666 -7.0312 0.4167 0.7083 -0.8311 0.5096 0.2227
34.263 0 -16.3317 0.5 0.6667 -0.866 0 0.5
35.4232 -1.7666 -17.0016 0.5833 0.6667 -0.7452 -0.5095 0.4302
38.259 0 -6.6844 0.5 0.7083 -0.9659 -0 0.2588
35.4232 -1.7666 -17.0016 0.5833 0.6667 -0.7452 -0.5095 0.4302
39.5531 -1.7666 -7.0312 0.5833 0.7083 -0.8311 -0.5096 0.2227
38.259 0 -6.6844 0.5 0.7083 -0.9659 -0 0.2588
35.4232 -1.7666 -17.0016 0.5833 0.6667 -0.7452 -0.5095 0.4302
38.5931 -3.0599 -18.8317 0.6667 0.6667 -0.4187 -0.8753 0.2417
39.5531 -1.7666 -7.0312 0.5833 0.7083 -0.8311 -0.5096 0.2227
38.5931 -3.0599 -18.8317 0.6667 0.6667 -0.4187 -0.8753 0.2417
43.0886 -3.0599 -7.9785 0.6667 0.7083 -0.467 -0.8753 0.1251
39.5531 -1.7666 -7.0312 0.5833 0.7083 -0.8311 -0.5096 0.2227
38.5931 -3.0599 -18.8317 0.6667 0.6667 -0.4187 -0.8753 0.2417
42.9232 -3.5332 -21.3317 0.75 0.6667 0.0187 -0.9998 -0.0108
43.0886 -3.0599 -7.9785 0.6667 0.7083 -0.467 -0.8753 0.1251
42.9232 -3.5332 -21.3317 0.75 0.6667 0.0187 -0.9998 -0.0108
47.9182 -3.5332 -9.2726 0.75 0.7083 0.0208 -0.9998 -0.0056
43.0886 -3.0599 -7.9785 0.6667 0.7083 -0.467 -0.8753 0.1251
42.9232 -3.5332 -21.3317 0.75 0.6667 0.0187 -0.9998 -0.0108
47.2533 -3.0599 -23.8317 0.8333 0.6667 0.4467 -0.8567 -0.2579
47.9182 -3.5332 -9.2726 0.75 0.7083 0.0208 -0.9998 -0.0056
47.2533 -3.0599 -23.8317 0.8333 0.6667 0.4467 -0.8567 -0.2579
52.7479 -3.0599 -10.5667 0.8333 0.7083 0.4982 -0.8567 -0.1335
47.9182 -3.5332 -9.2726 0.75 0.7083 0.0208 -0.9998 -0.0056
47.2533 -3.0599 -23.8317 0.8333 0.6667 0.4467 -0.8567 -0.2579
50.4232 -1.7666 -25.6618 0.9167 0.6667 0.7545 -0.4909 -0.4356
52.7479 -3.0599 -10.5667 0.8333 0.7083 0.4982 -0.8567 -0.1335
50.4232 -1.7666 -25.6618 0.9167 0.6667 0.7545 -0.4909 -0.4356
56.2834 -1.7666 -11.5141 0.9167 0.7083 0.8415 -0.4909 -0.2255
52.7479 -3.0599 -10.5667 0.8333 0.7083 0.4982 -0.8567 -0.1335
50.4232 -1.7666 -25.6618 0.9167 0.6667 0.7545 -0.4909 -0.4356
51.5835 0 -26.3317 1 0.6667 0.866 -0 -0.5
56.2834 -1.7666 -11.5141 0.9167 0.7083 0.8415 -0.4909 -0.2255
51.5835 0 -26.3317 1 0.6667 0.866 -0 -0.5
57.5775 0 -11.8608 1 0.7083 0.9659 -0 -0.2588
56.2834 -1.7666 -11.5141 0.9167 0.7083 0.8415 -0.4909 -0.2255
42.0483 0 -38.7581 0 0.625 0.7071 -0 -0.7071
41.101 1.7666 -37.8107 0.0833 0.625 0.616 0.4909 -0.616
51.5835 0 -26.3317 0 0.6667 0.866 -0 -0.5
41.101 1.7666 -37.8107 0.0833 0.625 0.616 0.4909 -0.616
50.4232 1.7666 -25.6618 0.0833 0.6667 0.7545 0.4909 -0.4356
51.5835 0 -26.3317 0 0.6667 0.866 -0 -0.5
41.101 1.7666 -37.8107 0.0833 0.625 0.616 0.4909 -0.616
38.5128 3.0599 -35.2226 0.1667 0.625 0.3647 0.8567 -0.3647
50.4232 1.7666 -25.6618 0.0833 0.6667 0.7545 0.4909 -0.4356
38.5128 3.0599 -35.2226 0.1667 0.625 0.3647 0.8567 -0.3647
47.2533 3.0599 -23.8317 0.1667 0.6667 0.4467 0.8567 -0.2579
50.4232 1.7666 -25.6618 0.0833 0.6667 0.7545 0.4909 -0.4356
38.5128 3.0599 -35.2226 0.1667 0.625 0.3647 0.8567 -0.3647
34.9773 3.5332 -31.687 0.25 0.625 0.0152 0.9998 -0.0152
47.2533 3.0599 -23.8317 0.1667 0.6667 0.4467 0.8567 -0.2579
34.9773 3.5332 -31.687 0.25 0.625 0.0152 0.9998 -0.0152
42.9232 3.5332 -21.3317 0.25 0.6667 0.0187 0.9998 -0.0108
47.2533 3.0599 -23.8317 0.1667 0.6667 0.4467 0.8567 -0.2579
34.9773 3.5332 -31.687 0.25 0.625 0.0152 0.9998 -0.0152
31.4417 3.0599 -28.1515 0.3333 0.625 -0.3419 0.8753 0.3419
42.9232 3.5332 -21.3317 0.25 0.6667 0.0187 0.9998 -0.0108
31.4417 3.0599 -28.1515 0.3333 0.625 -0.3419 0.8753 0.3419
38.5931 3.0599 -18.8317 0.3333 0.6667 -0.4187 0.8753 0.2417
42.9232 3.5332 -21.3317 0.25 0.6667 0.0187 0.9998 -0.0108
31.4417 3.0599 -28.1515 0.3333 0.625 -0.3419 0.8753 0.3419
28.8536 1.7666 -25.5633 0.4167 0.625 -0.6084 0.5096 0.6084
38.5931 3.0599 -18.8317 0.3333 0.6667 -0.4187 0.8753 0.2417
28.8536 1.7666 -25.5633 0.4167 0.625 -0.6084 0.5096 0.6084
35.4232 1.7666 -17.0016 0.4167 0.6667 -0.7452 0.5096 0.4302
38.5931 3.0599 -18.8317 0.3333 0.6667 -0.4187 0.8753 0.2417
28.8536 1.7666 -25.5633 0.4167 0.625 -0.6084 0.5096 0.6084
27.9062 0 -24.616 0.5 0.625 -0.7071 0 0.7071
35.4232 1.7666 -17.0016 0.4167 0.6667 -0.7452 0.5096 0.4302
27.9062 0 -24.616 0.5 0.625 -0.7071 0 0.7071
34.263 0 -16.3317 0.5 0.6667 -0.866 0 0.5
35.4232 1.7666 -17.0016 0.4167 0.6667 -0.7452 0.5096 0.4302
27.9062 0 -24.616 0.5 0.625 -0.7071 0 0.7071
28.8536 -1.7666 -25.5633 0.5833 0.625 -0.6084 -0.5095 0.6084
34.263 0 -16.3317 0.5 0.6667 -0.866 0 0.5
28.8536 -1.7666 -25.5633 0.5833 0.625 -0.6084 -0.5095 0.6084
35.4232 -1.7666 -17.0016 0.5833 0.6667 -0.7452 -0.5095 0.4302
34.263 0 -16.3317 0.5 0.6667 -0.866 0 0.5
28.8536 -1.7666 -25.5633 0.5833 0.625 -0.6084 -0.5095 0.6084
31.4417 -3.0599 -28.1515 0.6667 0.625 -0.3419 -0.8753 0.3419
35.4232 -1.7666 -17.0016 0.5833 0.6667 -0.7452 -0.5095 0.4302
31.4417 -3.0599 -28.1515 0.6667 0.625 -0.3419 -0.8753 0.3419
38.5931 -3.0599 -18.8317 0.6667 0.6667 -0.4187 -0.8753 0.2417
35.4232 -1.7666 -17.0016 0.5833 0.6667 -0.7452 -0.5095 0.4302
31.4417 -3.0599 -28.1515 0.6667 0.625 -0.3419 -0.8753 0.3419
34.9773 -3.5332 -31.687 0.75 0.625 0.0152 -0.9998 -0.0152
38.5931 -3.0599 -18.8317 0.6667 0.6667 -0.4187 -0.8753 0.2417
34.9773 -3.5332 -31.687 0.75 0.625 0.0152 -0.9998 -0.0152
42.9232 -3.5332 -21.3317 0.75 0.6667 0.0187 -0.9998 -0.0108
38.5931 -3.0599 -18.8317 0.6667 0.6667 -0.4187 -0.8753 0.2417
34.9773 -3.5332 -31.687 0.75 0.625 0.0152 -0.9998 -0.0152
38.5128 -3.0599 -35.2226 0.8333 0.625 0.3647 -0.8567 -0.3647
42.9232 -3.5332 -21.3317 0.75 0.6667 0.0187 -0.9998 -0.0108
38.5128 -3.0599 -35.2226 0.8333 0.625 0.3647 -0.8567 -0.3647
47.2533 -3.0599 -23.8317 0.8333 0.6667 0.4467 -0.8567 -0.2579
42.9232 -3.5332 -21.3317 0.75 0.6667 0.0187 -0.9998 -0.0108
38.5128 -3.0599 -35.2226 0.8333 0.625 0.3647 -0.8567 -0.3647
41.101 -1.7666 -37.8107 0.9167 0.625 0.616 -0.4909 -0.616
47.2533 -3.0599 -23.8317 0.8333 0.6667 0.4467 -0.8567 -0.2579
41.101 -1.7666 -37.8107 0.9167 0.625 0.616 -0.4909 -0.616
50.4232 -1.7666 -25.6618 0.9167 0.6667 0.7545 -0.4909 -0.4356
47.2533 -3.0599 -23.8317 0.8333 0.6667 0.4467 -0.8567 -0.2579
41.101 -1.7666 -37.8107 0.9167 0.625 0.616 -0.4909 -0.616
42.0483 0 -38.7581 1 0.625 0.7071 -0 -0.7071
50.4232 -1.7666 -25.6618 0.9167 0.6667 0.7545 -0.4909 -0.4356
42.0483 0 -38.7581 1 0.625 0.7071 -0 -0.7071
51.5835 0 -26.3317 1 0.6667 0.866 -0 -0.5
50.4232 -1.7666 -25.6618 0.9167 0.6667 0.7545 -0.4909 -0.4356
29.6219 0 -48.2932 0 0.5833 0.5 -0 -0.866
28.9521 1.7666 -47.133 0.0833 0.5833 0.4356 0.4909 -0.7545
42.0483 0 -38.7581 0 0.625 0.7071 -0 -0.7071
28.9521 1.7666 -47.133 0.0833 0.5833 0.4356 0.4909 -0.7545
41.101 1.7666 -37.8107 0.0833 0.625 0.616 0.4909 -0.616
42.0483 0 -38.7581 0 0.625 0.7071 -0 -0.7071
28.9521 1.7666 -47.133 0.0833 0.5833 0.4356 0.4909 -0.7545
27.1219 3.0599 -43.9631 0.1667 0.5833 0.2579 0.8567 -0.4467
41.101 1.7666 -37.8107 0.0833 0.625 0.616 0.4909 -0.616
27.1219 3.0599 -43.9631 0.1667 0.5833 0.2579 0.8567 -0.4467
38.5128 3.0599 -35.2226 0.1667 0.625 0.3647 0.8567 -0.3647
41.101 1.7666 -37.8107 0.0833 0.625 0.616 0.4909 -0.616
27.1219 3.0599 -43.9631 0.1667 0.5833 0.2579 0.8567 -0.4467
24.6219 3.5332 -39.633 0.25 0.5833 0.0108 0.9998 -0.0187
38.5128 3.0599 -35.2226 0.1667 0.625 0.3647 0.8567 -0.3647
24.6219 3.5332 -39.633 0.25 0.5833 0.0108 0.9998 -0.0187
34.9773 3.5332 -31.687 0.25 0.625 0.0152 0.9998 -0.0152
38.5128 3.0599 -35.2226 0.1667 0.625 0.3647 0.8567 -0.3647
24.6219 3.5332 -39.633 0.25 0.5833 0.0108 0.9998 -0.0187
22.1219 3.0599 -35.3028 0.3333 0.5833 -0.2417 0.8753 0.4187
34.9773 3.5332 -31.687 0.25 0.625 0.0152 0.9998 -0.0152
22.1219 3.0599 -35.3028 0.3333 0.5833 -0.2417 0.8753 0.4187
31.4417 3.0599 -28.1515 0.3333 0.625 -0.3419 0.8753 0.3419
34.9773 3.5332 -31.687 0.25 0.625 0.0152 0.9998 -0.0152
22.1219 3.0599 -35.3028 0.3333 0.5833 -0.2417 0.8753 0.4187
20.2918 1.7666 -32.133 0.4167 0.5833 -0.4302 0.5096 0.7452
31.4417 3.0599 -28.1515 0.3333 0.625 -0.3419 0.8753 0.3419
20.2918 1.7666 -32.133 0.4167 0.5833 -0.4302 0.5096 0.7452
28.8536 1.7666 -25.5633 0.4167 0.625 -0.6084 0.5096 0.6084
31.4417 3.0599 -28.1515 0.3333 0.625 -0.3419 0.8753 0.3419
20.2918 1.7666 -32.133 0.4167 0.5833 -0.4302 0.5096 0.7452
19.6219 0 -30.9727 0.5 0.5833 -0.5 0 0.866
28.8536 1.7666 -25.5633 0.4167 0.625 -0.6084 0.5096 0.6084
19.6219 0 -30.9727 0.5 0.5833 -0.5 0 0.866
27.9062 0 -24.616 0.5 0.625 -0.7071 0 0.7071
28.8536 1.7666 -25.5633 0.4167 0.625 -0.6084 0.5096 0.6084
19.6219 0 -30.9727 0.5 0.5833 -0.5 0 0.866
20.2918 -1.7666 -32.133 0.5833 0.5833 -0.4302 -0.5095 0.7452
27.9062 0 -24.616 0.5 0.625 -0.7071 0 0.7071
20.2918 -1.7666 -32.133 0.5833 0.5833 -0.4302 -0.5095 0.7452
28.8536 -1.7666 -25.5633 0.5833 0.625 -0.6084 -0.5095 0.6084
27.9062 0 -24.616 0.5 0.625 -0.7071 0 0.7071
20.2918 -1.7666 -32.133 0.5833 0.5833 -0.4302 -0.5095 0.7452
22.1219 -3.0599 -35.3028 0.6667 0.5833 -0.2417 -0.8753 0.4187
28.8536 -1.7666 -25.5633 0.5833 0.625 -0.6084 -0.5095 0.6084
22.1219 -3.0599 -35.3028 0.6667 0.5833 -0.2417 -0.8753 0.4187
31.4417 -3.0599 -28.1515 0.6667 0.625 -0.3419 -0.8753 0.3419
28.8536 -1.7666 -25.5633 0.5833 0.625 -0.6084 -0.5095 0.6084
22.1219 -3.0599 -35.3028 0.6667 0.5833 -0.2417 -0.8753 0.4187
24.6219 -3.5332 -39.633 0.75 0.5833 0.0108 -0.9998 -0.0187
31.4417 -3.0599 -28.1515 0.6667 0.625 -0.3419 -0.8753 0.3419
24.6219 -3.5332 -39.633 0.75 0.5833 0.0108 -0.9998 -0.0187
34.9773 -3.5332 -31.687 0.75 0.625 0.0152 -0.9998 -0.0152
31.4417 -3.0599 -28.1515 0.6667 0.625 -0.3419 -0.8753 0.3419
24.6219 -3.5332 -39.633 0.75 0.5833 0.0108 -0.9998 -0.0187
27.1219 -3.0599 -43.9631 0.8333 0.5833 0.2579 -0.8567 -0.4467
34.9773 -3.5332 -31.687 0.75 0.625 0.0152 -0.9998 -0.0152
27.1219 -3.0599 -43.9631 0.8333 0.5833 0.2579 -0.8567 -0.4467
38.5128 -3.0599 -35.2226 0.8333 0.625 0.3647 -0.8567 -0.3647
34.9773 -3.5332 -31.687 0.75 0.625 0.0152 -0.9998 -0.0152
27.1219 -3.0599 -43.9631 0.8333 0.5833 0.2579 -0.8567 -0.4467
28.9521 -1.7666 -47.133 0.9167 0.5833 0.4356 -0.4909 -0.7545
38.5128 -3.0599 -35.2226 0.8333 0.625 0.3647 -0.8567 -0.3647
28.9521 -1.7666 -47.133 0.9167 0.5833 0.4356 -0.4909 -0.7545
41.101 -1.7666 -37.8107 0.9167 0.625 0.616 -0.4909 -0.616
38.5128 -3.0599 -35.2226 0.8333 0.625 0.3647 -0.8567 -0.3647
28.9521 -1.7666 -47.133 0.9167 0.5833 0.4356 -0.4909 -0.7545
29.6219 0 -48.2932 1 0.5833 0.5 -0 -0.866
41.101 -1.7666 -37.8107 0.9167 0.625 0.616 -0.4909 -0.616
29.6219 0 -48.2932 1 0.5833 0.5 -0 -0.866
42.0483 0 -38.7581 1 0.625 0.7071 -0 -0.7071
41.101 -1.7666 -37.8107 0.9167 0.625 0.616 -0.4909 -0.616
15.1511 0 -54.2872 0 0.5417 0.2588 -0 -0.9659
14.8043 1.7666 -52.9931 0.0833 0.5417 0.2255 0.4909 -0.8415
29.6219 0 -48.2932 0 0.5833 0.5 -0 -0.866
14.8043 1.7666 -52.9931 0.0833 0.5417 0.2255 0.4909 -0.8415
28.9521 1.7666 -47.133 0.0833 0.5833 0.4356 0.4909 -0.7545
29.6219 0 -48.2932 0 0.5833 0.5 -0 -0.866
14.8043 1.7666 -52.9931 0.0833 0.5417 0.2255 0.4909 -0.8415
13.857 3.0599 -49.4576 0.1667 0.5417 0.1335 0.8567 -0.4982
28.9521 1.7666 -47.133 0.0833 0.5833 0.4356 0.4909 -0.7545
13.857 3.0599 -49.4576 0.1667 0.5417 0.1335 0.8567 -0.4982
27.1219 3.0599 -43.9631 0.1667 0.5833 0.2579 0.8567 -0.4467
28.9521 1.7666 -47.133 0.0833 0.5833 0.4356 0.4909 -0.7545
13.857 3.0599 -49.4576 0.1667 0.5417 0.1335 0.8567 -0.4982
12.5629 3.5332 -44.628 0.25 0.5417 0.0056 0.9998 -0.0208
27.1219 3.0599 -43.9631 0.1667 0.5833 0.2579 0.8567 -0.4467
12.5629 3.5332 -44.628 0.25 0.5417 0.0056 0.9998 -0.0208
24.6219 3.5332 -39.633 0.25 0.5833 0.0108 0.9998 -0.0187
27.1219 3.0599 -43.9631 0.1667 0.5833 0.2579 0.8567 -0.4467
12.5629 3.5332 -44.628 0.25 0.5417 0.0056 0.9998 -0.0208
11.2688 3.0599 -39.7983 0.3333 0.5417 -0.1251 0.8753 0.467
24.6219 3.5332 -39.633 0.25 0.5833 0.0108 0.9998 -0.0187
11.2688 3.0599 -39.7983 0.3333 0.5417 -0.1251 0.8753 0.467
22.1219 3.0599 -35.3028 0.3333 0.5833 -0.2417 0.8753 0.4187
24.6219 3.5332 -39.633 0.25 0.5833 0.0108 0.9998 -0.0187
11.2688 3.0599 -39.7983 0.3333 0.5417 -0.1251 0.8753 0.467
10.3215 1.7666 -36.2628 0.4167 0.5417 -0.2227 0.5096 0.8311
22.1219 3.0599 -35.3028 0.3333 0.5833 -0.2417 0.8753 0.4187
10.3215 1.7666 -36.2628 0.4167 0.5417 -0.2227 0.5096 0.8311
20.2918 1.7666 -32.133 0.4167 0.5833 -0.4302 0.5096 0.7452
22.1219 3.0599 -35.3028 0.3333 0.5833 -0.2417 0.8753 0.4187
10.3215 1.7666 -36.2628 0.4167 0.5417 -0.2227 0.5096 0.8311
9.9747 0 -34.9687 0.5 0.5417 -0.2588 -0 0.9659
20.2918 1.7666 -32.133 0.4167 0.5833 -0.4302 0.5096 0.7452
9.9747 0 -34.9687 0.5 0.5417 -0.2588 -0 0.9659
19.6219 0 -30.9727 0.5 0.5833 -0.5 0 0.866
20.2918 1.7666 -32.133 0.4167 0.5833 -0.4302 0.5096 0.7452
9.9747 0 -34.9687 0.5 0.5417 -0.2588 -0 0.9659
10.3215 -1.7666 -36.2628 0.5833 0.5417 -0.2227 -0.5096 0.8311
19.6219 0 -30.9727 0.5 0.5833 -0.5 0 0.866
10.3215 -1.7666 -36.2628 0.5833 0.5417 -0.2227 -0.5096 0.8311
20.2918 -1.7666 -32.133 0.5833 0.5833 -0.4302 -0.5095 0.7452
19.6219 0 -30.9727 0.5 0.5833 -0.5 0 0.866
10.3215 -1.7666 -36.2628 0.5833 0.5417 -0.2227 -0.5096 0.8311
11.2688 -3.0599 -39.7983 0.6667 0.5417 -0.1251 -0.8753 0.467
20.2918 -1.7666 -32.133 0.5833 0.5833 -0.4302 -0.5095 0.7452
11.2688 -3.0599 -39.7983 0.6667 0.5417 -0.1251 -0.8753 0.467
22.1219 -3.0599 -35.3028 0.6667 0.5833 -0.2417 -0.8753 0.4187
20.2918 -1.7666 -32.133 0.5833 0.5833 -0.4302 -0.5095 0.7452
11.2688 -3.0599 -39.7983 0.6667 0.5417 -0.1251 -0.8753 0.467
12.5629 -3.5332 -44.628 0.75 0.5417 0.0056 -0.9998 -0.0208
22.1219 -3.0599 -35.3028 0.6667 0.5833 -0.2417 -0.8753 0.4187
12.5629 -3.5332 -44.628 0.75 0.5417 0.0056 -0.9998 -0.0208
24.6219 -3.5332 -39.633 0.75 0.5833 0.0108 -0.9998 -0.0187
22.1219 -3.0599 -35.3028 0.6667 0.5833 -0.2417 -0.8753 0.4187
12.5629 -3.5332 -44.628 0.75 0.5417 0.0056 -0.9998 -0.0208
13.857 -3.0599 -49.4576 0.8333 0.5417 0.1335 -0.8567 -0.4982
24.6219 -3.5332 -39.633 0.75 0.5833 0.0108 -0.9998 -0.0187
13.857 -3.0599 -49.4576 0.8333 0.5417 0.1335 -0.8567 -0.4982
27.1219 -3.0599 -43.9631 0.8333 0.5833 0.2579 -0.8567 -0.4467
24.6219 -3.5332 -39.633 0.75 0.5833 0.0108 -0.9998 -0.0187
13.857 -3.0599 -49.4576 0.8333 0.5417 0.1335 -0.8567 -0.4982
14.8043 -1.7666 -52.9931 0.9167 0.5417 0.2255 -0.4909 -0.8415
27.1219 -3.0599 -43.9631 0.8333 0.5833 0.2579 -0.8567 -0.4467
14.8043 -1.7666 -52.9931 0.9167 0.5417 0.2255 -0.4909 -0.8415
28.9521 -1.7666 -47.133 0.9167 0.5833 0.4356 -0.4909 -0.7545
27.1219 -3.0599 -43.9631 0.8333 0.5833 0.2579 -0.8567 -0.4467
14.8043 -1.7666 -52.9931 0.9167 0.5417 0.2255 -0.4909 -0.8415
15.1511 0 -54.2872 1 0.5417 0.2588 -0 -0.9659
28.9521 -1.7666 -47.133 0.9167 0.5833 0.4356 -0.4909 -0.7545
15.1511 0 -54.2872 1 0.5417 0.2588 -0 -0.9659
29.6219 0 -48.2932 1 0.5833 0.5 -0 -0.866
28.9521 -1.7666 -47.133 0.9167 0.5833 0.4356 -0.4909 -0.7545
-0.3781 0 -56.3317 0 0.5 0 -0 -1
-0.3781 1.7666 -54.9919 0.0833 0.5 0 0.4909 -0.8712
15.1511 0 -54.2872 0 0.5417 0.2588 -0 -0.9659
-0.3781 1.7666 -54.9919 0.0833 0.5 0 0.4909 -0.8712
14.8043 1.7666 -52.9931 0.0833 0.5417 0.2255 0.4909 -0.8415
15.1511 0 -54.2872 0 0.5417 0.2588 -0 -0.9659
-0.3781 1.7666 -54.9919 0.0833 0.5 0 0.4909 -0.8712
-0.3781 3.0599 -51.3317 0.1667 0.5 0 0.8567 -0.5158
14.8043 1.7666 -52.9931 0.0833 0.5417 0.2255 0.4909 -0.8415
-0.3781 3.0599 -51.3317 0.1667 0.5 0 0.8567 -0.5158
13.857 3.0599 -49.4576 0.1667 0.5417 0.1335 0.8567 -0.4982
14.8043 1.7666 -52.9931 0.0833 0.5417 0.2255 0.4909 -0.8415
-0.3781 3.0599 -51.3317 0.1667 0.5 0 0.8567 -0.5158
-0.3781 3.5332 -46.3317 0.25 0.5 0 0.9998 -0.0216
13.857 3.0599 -49.4576 0.1667 0.5417 0.1335 0.8567 -0.4982
-0.3781 3.5332 -46.3317 0.25 0.5 0 0.9998 -0.0216
12.5629 3.5332 -44.628 0.25 0.5417 0.0056 0.9998 -0.0208
13.857 3.0599 -49.4576 0.1667 0.5417 0.1335 0.8567 -0.4982
-0.3781 3.5332 -46.3317 0.25 0.5 0 0.9998 -0.0216
-0.3781 3.0599 -41.3317 0.3333 0.5 -0 0.8753 0.4835
12.5629 3.5332 -44.628 0.25 0.5417 0.0056 0.9998 -0.0208
-0.3781 3.0599 -41.3317 0.3333 0.5 -0 0.8753 0.4835
11.2688 3.0599 -39.7983 0.3333 0.5417 -0.1251 0.8753 0.467
12.5629 3.5332 -44.628 0.25 0.5417 0.0056 0.9998 -0.0208
-0.3781 3.0599 -41.3317 0.3333 0.5 -0 0.8753 0.4835
-0.3781 1.7666 -37.6714 0.4167 0.5 -0 0.5096 0.8604
11.2688 3.0599 -39.7983 0.3333 0.5417 -0.1251 0.8753 0.467
-0.3781 1.7666 -37.6714 0.4167 0.5 -0 0.5096 0.8604
10.3215 1.7666 -36.2628 0.4167 0.5417 -0.2227 0.5096 0.8311
11.2688 3.0599 -39.7983 0.3333 0.5417 -0.1251 0.8753 0.467
-0.3781 1.7666 -37.6714 0.4167 0.5 -0 0.5096 0.8604
-0.3781 0 -36.3317 0.5 0.5 -0 0 1
10.3215 1.7666 -36.2628 0.4167 0.5417 -0.2227 0.5096 0.8311
-0.3781 0 -36.3317 0.5 0.5 -0 0 1
9.9747 0 -34.9687 0.5 0.5417 -0.2588 -0 0.9659
10.3215 1.7666 -36.2628 0.4167 0.5417 -0.2227 0.5096 0.8311
-0.3781 0 -36.3317 0.5 0.5 -0 0 1
-0.3781 -1.7666 -37.6714 0.5833 0.5 -0 -0.5095 0.8604
9.9747 0 -34.9687 0.5 0.5417 -0.2588 -0 0.9659
-0.3781 -1.7666 -37.6714 0.5833 0.5 -0 -0.5095 0.8604
10.3215 -1.7666 -36.2628 0.5833 0.5417 -0.2227 -0.5096 0.8311
9.9747 0 -34.9687 0.5 0.5417 -0.2588 -0 0.9659
-0.3781 -1.7666 -37.6714 0.5833 0.5 -0 -0.5095 0.8604
-0.3781 -3.0599 -41.3317 0.6667 0.5 -0 -0.8753 0.4835
10.3215 -1.7666 -36.2628 0.5833 0.5417 -0.2227 -0.5096 0.8311
-0.3781 -3.0599 -41.3317 0.6667 0.5 -0 -0.8753 0.4835
11.2688 -3.0599 -39.7983 0.6667 0.5417 -0.1251 -0.8753 0.467
10.3215 -1.7666 -36.2628 0.5833 0.5417 -0.2227 -0.5096 0.8311
-0.3781 -3.0599 -41.3317 0.6667 0.5 -0 -0.8753 0.4835
-0.3781 -3.5332 -46.3317 0.75 0.5 0 -0.9998 -0.0216
11.2688 -3.0599 -39.7983 0.6667 0.5417 -0.1251 -0.8753 0.467
-0.3781 -3.5332 -46.3317 0.75 0.5 0 -0.9998 -0.0216
12.5629 -3.5332 -44.628 0.75 0.5417 0.0056 -0.9998 -0.0208
11.2688 -3.0599 -39.7983 0.6667 0.5417 -0.1251 -0.8753 0.467
-0.3781 -3.5332 -46.3317 0.75 0.5 0 -0.9998 -0.0216
-0.3781 -3.0599 -51.3317 0.8333 0.5 0 -0.8567 -0.5158
12.5629 -3.5332 -44.628 0.75 0.5417 0.0056 -0.9998 -0.0208
-0.3781 -3.0599 -51.3317 0.8333 0.5 0 -0.8567 -0.5158
13.857 -3.0599 -49.4576 0.8333 0.5417 0.1335 -0.8567 -0.4982
12.5629 -3.5332 -44.628 0.75 0.5417 0.0056 -0.9998 -0.0208
-0.3781 -3.0599 -51.3317 0.8333 0.5 0 -0.8567 -0.5158
-0.3781 -1.7666 -54.9919 0.9167 0.5 0 -0.4909 -0.8712
13.857 -3.0599 -49.4576 0.8333 0.5417 0.1335 -0.8567 -0.4982
-0.3781 -1.7666 -54.9919 0.9167 0.5 0 -0.4909 -0.8712
14.8043 -1.7666 -52.9931 0.9167 0.5417 0.2255 -0.4909 -0.8415
13.857 -3.0599 -49.4576 0.8333 0.5417 0.1335 -0.8567 -0.4982
-0.3781 -1.7666 -54.9919 0.9167 0.5 0 -0.4909 -0.8712
-0.3781 0 -56.3317 1 0.5 0 -0 -1
14.8043 -1.7666 -52.9931 0.9167 0.5417 0.2255 -0.4909 -0.8415
-0.3781 0 -56.3317 1 0.5 0 -0 -1
15.1511 0 -54.2872 1 0.5417 0.2588 -0 -0.9659
14.8043 -1.7666 -52.9931 0.9167 0.5417 0.2255 -0.4909 -0.8415
-15.9072 0 -54.2872 0 0.4583 -0.2588 -0 -0.9659
-15.5604 1.7666 -52.9931 0.0833 0.4583 -0.2255 0.4909 -0.8415
-0.3781 0 -56.3317 0 0.5 0 -0 -1
-15.5604 1.7666 -52.9931 0.0833 0.4583 -0.2255 0.4909 -0.8415
-0.3781 1.7666 -54.9919 0.0833 0.5 0 0.4909 -0.8712
-0.3781 0 -56.3317 0 0.5 0 -0 -1
-15.5604 1.7666 -52.9931 0.0833 0.4583 -0.2255 0.4909 -0.8415
-14.6131 3.0599 -49.4576 0.1667 0.4583 -0.1335 0.8567 -0.4982
-0.3781 1.7666 -54.9919 0.0833 0.5 0 0.4909 -0.8712
-14.6131 3.0599 -49.4576 0.1667 0.4583 -0.1335 0.8567 -0.4982
-0.3781 3.0599 -51.3317 0.1667 0.5 0 0.8567 -0.5158
-0.3781 1.7666 -54.9919 0.0833 0.5 0 0.4909 -0.8712
-14.6131 3.0599 -49.4576 0.1667 0.4583 -0.1335 0.8567 -0.4982
-13.319 3.5332 -44.628 0.25 0.4583 -0.0056 0.9998 -0.0208
-0.3781 3.0599 -51.3317 0.1667 0.5 0 0.8567 -0.5158
-13.319 3.5332 -44.628 0.25 0.4583 -0.0056 0.9998 -0.0208
-0.3781 3.5332 -46.3317 0.25 0.5 0 0.9998 -0.0216
-0.3781 3.0599 -51.3317 0.1667 0.5 0 0.8567 -0.5158
-13.319 3.5332 -44.628 0.25 0.4583 -0.0056 0.9998 -0.0208
-12.0249 3.0599 -39.7983 0.3333 0.4583 0.1251 0.8753 0.467
-0.3781 3.5332 -46.3317 0.25 0.5 0 0.9998 -0.0216
-12.0249 3.0599 -39.7983 0.3333 0.4583 0.1251 0.8753 0.467
-0.3781 3.0599 -41.3317 0.3333 0.5 -0 0.8753 0.4835
-0.3781 3.5332 -46.3317 0.25 0.5 0 0.9998 -0.0216
-12.0249 3.0599 -39.7983 0.3333 0.4583 0.1251 0.8753 0.467
-11.0776 1.7666 -36.2628 0.4167 0.4583 0.2227 0.5096 0.8311
-0.3781 3.0599 -41.3317 0.3333 0.5 -0 0.8753 0.4835
-11.0776 1.7666 -36.2628 0.4167 0.4583 0.2227 0.5096 0.8311
-0.3781 1.7666 -37.6714 0.4167 0.5 -0 0.5096 0.8604
-0.3781 3.0599 -41.3317 0.3333 0.5 -0 0.8753 0.4835
-11.0776 1.7666 -36.2628 0.4167 0.4583 0.2227 0.5096 0.8311
-10.7308 0 -34.9687 0.5 0.4583 0.2588 0 0.9659
-0.3781 1.7666 -37.6714 0.4167 0.5 -0 0.5096 0.8604
-10.7308 0 -34.9687 0.5 0.4583 0.2588 0 0.9659
-0.3781 0 -36.3317 0.5 0.5 -0 0 1
-0.3781 1.7666 -37.6714 0.4167 0.5 -0 0.5096 0.8604
-10.7308 0 -34.9687 0.5 0.4583 0.2588 0 0.9659
-11.0776 -1.7666 -36.2628 0.5833 0.4583 0.2227 -0.5095 0.8311
-0.3781 0 -36.3317 0.5 0.5 -0 0 1
-11.0776 -1.7666 -36.2628 0.5833 0.4583 0.2227 -0.5095 0.8311
-0.3781 -1.7666 -37.6714 0.5833 0.5 -0 -0.5095 0.8604
-0.3781 0 -36.3317 0.5 0.5 -0 0 1
-11.0776 -1.7666 -36.2628 0.5833 0.4583 0.2227 -0.5095 0.8311
-12.0249 -3.0599 -39.7983 0.6667 0.4583 0.1251 -0.8753 0.467
-0.3781 -1.7666 -37.6714 0.5833 0.5 -0 -0.5095 0.8604
-12.0249 -3.0599 -39.7983 0.6667 0.4583 0.1251 -0.8753 0.467
-0.3781 -3.0599 -41.3317 0.6667 0.5 -0 -0.8753 0.4835
-0.3781 -1.7666 -37.6714 0.5833 0.5 -0 -0.5095 0.8604
-12.0249 -3.0599 -39.7983 0.6667 0.4583 0.1251 -0.8753 0.467
-13.319 -3.5332 -44.628 0.75 0.4583 -0.0056 -0.9998 -0.0208
-0.3781 -3.0599 -41.3317 0.6667 0.5 -0 -0.8753 0.4835
-13.319 -3.5332 -44.628 0.75 0.4583 -0.0056 -0.9998 -0.0208
-0.3781 -3.5332 -46.3317 0.75 0.5 0 -0.9998 -0.0216
-0.3781 -3.0599 -41.3317 0.6667 0.5 -0 -0.8753 0.4835
-13.319 -3.5332 -44.628 0.75 0.4583 -0.0056 -0.9998 -0.0208
-14.6131 -3.0599 -49.4576 0.8333 0.4583 -0.1335 -0.8567 -0.4982
-0.3781 -3.5332 -46.3317 0.75 0.5 0 -0.9998 -0.0216
-14.6131 -3.0599 -49.4576 0.8333 0.4583 -0.1335 -0.8567 -0.4982
-0.3781 -3.0599 -51.3317 0.8333 0.5 0 -0.8567 -0.5158
-0.3781 -3.5332 -46.3317 0.75 0.5 0 -0.9998 -0.0216
-14.6131 -3.0599 -49.4576 0.8333 0.4583 -0.1335 -0.8567 -0.4982
-15.5604 -1.7666 -52.9931 0.9167 0.4583 -0.2255 -0.4909 -0.8415
-0.3781 -3.0599 -51.3317 0.8333 0.5 0 -0.8567 -0.5158
-15.5604 -1.7666 -52.9931 0.9167 0.4583 -0.2255 -0.4909 -0.8415
-0.3781 -1.7666 -54.9919 0.9167 0.5 0 -0.4909 -0.8712
-0.3781 -3.0599 -51.3317 0.8333 0.5 0 -0.8567 -0.5158
-15.5604 -1.7666 -52.9931 0.9167 0.4583 -0.2255 -0.4909 -0.8415
-15.9072 0 -54.2872 1 0.4583 -0.2588 -0 -0.9659
-0.3781 -1.7666 -54.9919 0.9167 0.5 0 -0.4909 -0.8712
-15.9072 0 -54.2872 1 0.4583 -0.2588 -0 -0.9659
-0.3781 0 -56.3317 1 0.5 0 -0 -1
-0.3781 -1.7666 -54.9919 0.9167 0.5 0 -0.4909 -0.8712
-30.378 0 -48.2932 0 0.4167 -0.5 -0 -0.866
-29.7082 1.7666 -47.133 0.0833 0.4167 -0.4356 0.4909 -0.7545
-15.9072 0 -54.2872 0 0.4583 -0.2588 -0 -0.9659
-29.7082 1.7666 -47.133 0.0833 0.4167 -0.4356 0.4909 -0.7545
-15.5604 1.7666 -52.9931 0.0833 0.4583 -0.2255 0.4909 -0.8415
-15.9072 0 -54.2872 0 0.4583 -0.2588 -0 -0.9659
-29.7082 1.7666 -47.133 0.0833 0.4167 -0.4356 0.4909 -0.7545
-27.8781 3.0599 -43.9631 0.1667 0.4167 -0.2579 0.8567 -0.4467
-15.5604 1.7666 -52.9931 0.0833 0.4583 -0.2255 0.4909 -0.8415
-27.8781 3.0599 -43.9631 0.1667 0.4167 -0.2579 0.8567 -0.4467
-14.6131 3.0599 -49.4576 0.1667 0.4583 -0.1335 0.8567 -0.4982
-15.5604 1.7666 -52.9931 0.0833 0.4583 -0.2255 0.4909 -0.8415
-27.8781 3.0599 -43.9631 0.1667 0.4167 -0.2579 0.8567 -0.4467
-25.3781 3.5332 -39.633 0.25 0.4167 -0.0108 0.9998 -0.0187
-14.6131 3.0599 -49.4576 0.1667 0.4583 -0.1335 0.8567 -0.4982
-25.3781 3.5332 -39.633 0.25 0.4167 -0.0108 0.9998 -0.0187
-13.319 3.5332 -44.628 0.25 0.4583 -0.0056 0.9998 -0.0208
-14.6131 3.0599 -49.4576 0.1667 0.4583 -0.1335 0.8567 -0.4982
-25.3781 3.5332 -39.633 0.25 0.4167 -0.0108 0.9998 -0.0187
-22.8781 3.0599 -35.3028 0.3333 0.4167 0.2417 0.8753 0.4187
-13.319 3.5332 -44.628 0.25 0.4583 -0.0056 0.9998 -0.0208
-22.8781 3.0599 -35.3028 0.3333 0.4167 0.2417 0.8753 0.4187
-12.0249 3.0599 -39.7983 0.3333 0.4583 0.1251 0.8753 0.467
-13.319 3.5332 -44.628 0.25 0.4583 -0.0056 0.9998 -0.0208
-22.8781 3.0599 -35.3028 0.3333 0.4167 0.2417 0.8753 0.4187
-21.0479 1.7666 -32.133 0.4167 0.4167 0.4302 0.5096 0.7452
-12.0249 3.0599 -39.7983 0.3333 0.4583 0.1251 0.8753 0.467
-21.0479 1.7666 -32.133 0.4167 0.4167 0.4302 0.5096 0.7452
-11.0776 1.7666 -36.2628 0.4167 0.4583 0.2227 0.5096 0.8311
-12.0249 3.0599 -39.7983 0.3333 0.4583 0.1251 0.8753 0.467
-21.0479 1.7666 -32.133 0.4167 0.4167 0.4302 0.5096 0.7452
-20.3781 0 -30.9727 0.5 0.4167 0.5 0 0.866
-11.0776 1.7666 -36.2628 0.4167 0.4583 0.2227 0.5096 0.8311
-20.3781 0 -30.9727 0.5 0.4167 0.5 0 0.866
-10.7308 0 -34.9687 0.5 0.4583 0.2588 0 0.9659
-11.0776 1.7666 -36.2628 0.4167 0.4583 0.2227 0.5096 0.8311
-20.3781 0 -30.9727 0.5 0.4167 0.5 0 0.866
-21.0479 -1.7666 -32.133 0.5833 0.4167 0.4302 -0.5095 0.7452
-10.7308 0 -34.9687 0.5 0.4583 0.2588 0 0.9659
-21.0479 -1.7666 -32.133 0.5833 0.4167 0.4302 -0.5095 0.7452
-11.0776 -1.7666 -36.2628 0.5833 0.4583 0.2227 -0.5095 0.8311
-10.7308 0 -34.9687 0.5 0.4583 0.2588 0 0.9659
-21.0479 -1.7666 -32.133 0.5833 0.4167 0.4302 -0.5095 0.7452
-22.878 -3.0599 -35.3028 0.6667 0.4167 0.2417 -0.8753 0.4187
-11.0776 -1.7666 -36.2628 0.5833 0.4583 0.2227 -0.5095 0.8311
-22.878 -3.0599 -35.3028 0.6667 0.4167 0.2417 -0.8753 0.4187
-12.0249 -3.0599 -39.7983 0.6667 0.4583 0.1251 -0.8753 0.467
-11.0776 -1.7666 -36.2628 0.5833 0.4583 0.2227 -0.5095 0.8311
-22.878 -3.0599 -35.3028 0.6667 0.4167 0.2417 -0.8753 0.4187
-25.378 -3.5332 -39.633 0.75 0.4167 -0.0108 -0.9998 -0.0187
-12.0249 -3.0599 -39.7983 0.6667 0.4583 0.1251 -0.8753 0.467
-25.378 -3.5332 -39.633 0.75 0.4167 -0.0108 -0.9998 -0.0187
-13.319 -3.5332 -44.628 0.75 0.4583 -0.0056 -0.9998 -0.0208
-12.0249 -3.0599 -39.7983 0.6667 0.4583 0.1251 -0.8753 0.467
-25.378 -3.5332 -39.633 0.75 0.4167 -0.0108 -0.9998 -0.0187
-27.878 -3.0599 -43.9631 0.8333 0.4167 -0.2579 -0.8567 -0.4467
-13.319 -3.5332 -44.628 0.75 0.4583 -0.0056 -0.9998 -0.0208
-27.878 -3.0599 -43.9631 0.8333 0.4167 -0.2579 -0.8567 -0.4467
-14.6131 -3.0599 -49.4576 0.8333 0.4583 -0.1335 -0.8567 -0.4982
-13.319 -3.5332 -44.628 0.75 0.4583 -0.0056 -0.9998 -0.0208
-27.878 -3.0599 -43.9631 0.8333 0.4167 -0.2579 -0.8567 -0.4467
-29.7082 -1.7666 -47.133 0.9167 0.4167 -0.4356 -0.4909 -0.7545
-14.6131 -3.0599 -49.4576 0.8333 0.4583 -0.1335 -0.8567 -0.4982
-29.7082 -1.7666 -47.133 0.9167 0.4167 -0.4356 -0.4909 -0.7545
-15.5604 -1.7666 -52.9931 0.9167 0.4583 -0.2255 -0.4909 -0.8415
-14.6131 -3.0599 -49.4576 0.8333 0.4583 -0.1335 -0.8567 -0.4982
-29.7082 -1.7666 -47.133 0.9167 0.4167 -0.4356 -0.4909 -0.7545
-30.378 0 -48.2932 1 0.4167 -0.5 -0 -0.866
-15.5604 -1.7666 -52.9931 0.9167 0.4583 -0.2255 -0.4909 -0.8415
-30.378 0 -48.2932 1 0.4167 -0.5 -0 -0.866
-15.9072 0 -54.2872 1 0.4583 -0.2588 -0 -0.9659
-15.5604 -1.7666 -52.9931 0.9167 0.4583 -0.2255 -0.4909 -0.8415
-42.8045 0 -38.7581 0 0.375 -0.7071 -0 -0.7071
-41.8571 1.7666 -37.8108 0.0833 0.375 -0.616 0.4909 -0.616
-30.378 0 -48.2932 0 0.4167 -0.5 -0 -0.866
-41.8571 1.7666 -37.8108 0.0833 0.375 -0.616 0.4909 -0.616
-29.7082 1.7666 -47.133 0.0833 0.4167 -0.4356 0.4909 -0.7545
-30.378 0 -48.2932 0 0.4167 -0.5 -0 -0.866
-41.8571 1.7666 -37.8108 0.0833 0.375 -0.616 0.4909 -0.616
-39.2689 3.0599 -35.2226 0.1667 0.375 -0.3647 0.8567 -0.3647
-29.7082 1.7666 -47.133 0.0833 0.4167 -0.4356 0.4909 -0.7545
-39.2689 3.0599 -35.2226 0.1667 0.375 -0.3647 0.8567 -0.3647
-27.8781 3.0599 -43.9631 0.1667 0.4167 -0.2579 0.8567 -0.4467
-29.7082 1.7666 -47.133 0.0833 0.4167 -0.4356 0.4909 -0.7545
-39.2689 3.0599 -35.2226 0.1667 0.375 -0.3647 0.8567 -0.3647
-35.7334 3.5332 -31.687 0.25 0.375 -0.0152 0.9998 -0.0152
-27.8781 3.0599 -43.9631 0.1667 0.4167 -0.2579 0.8567 -0.4467
-35.7334 3.5332 -31.687 0.25 0.375 -0.0152 0.9998 -0.0152
-25.3781 3.5332 -39.633 0.25 0.4167 -0.0108 0.9998 -0.0187
-27.8781 3.0599 -43.9631 0.1667 0.4167 -0.2579 0.8567 -0.4467
-35.7334 3.5332 -31.687 0.25 0.375 -0.0152 0.9998 -0.0152
-32.1979 3.0599 -28.1515 0.3333 0.375 0.3419 0.8753 0.3419
-25.3781 3.5332 -39.633 0.25 0.4167 -0.0108 0.9998 -0.0187
-32.1979 3.0599 -28.1515 0.3333 0.375 0.3419 0.8753 0.3419
-22.8781 3.0599 -35.3028 0.3333 0.4167 0.2417 0.8753 0.4187
-25.3781 3.5332 -39.633 0.25 0.4167 -0.0108 0.9998 -0.0187
-32.1979 3.0599 -28.1515 0.3333 0.375 0.3419 0.8753 0.3419
-29.6097 1.7666 -25.5633 0.4167 0.375 0.6084 0.5096 0.6084
-22.8781 3.0599 -35.3028 0.3333 0.4167 0.2417 0.8753 0.4187
-29.6097 1.7666 -25.5633 0.4167 0.375 0.6084 0.5096 0.6084
-21.0479 1.7666 -32.133 0.4167 0.4167 0.4302 0.5096 0.7452
-22.8781 3.0599 -35.3028 0.3333 0.4167 0.2417 0.8753 0.4187
-29.6097 1.7666 -25.5633 0.4167 0.375 0.6084 0.5096 0.6084
-28.6623 0 -24.616 0.5 0.375 0.7071 0 0.7071
-21.0479 1.7666 -32.133 0.4167 0.4167 0.4302 0.5096 0.7452
-28.6623 0 -24.616 0.5 0.375 0.7071 0 0.7071
-20.3781 0 -30.9727 0.5 0.4167 0.5 0 0.866
-21.0479 1.7666 -32.133 0.4167 0.4167 0.4302 0.5096 0.7452
-28.6623 0 -24.616 0.5 0.375 0.7071 0 0.7071
-29.6097 -1.7666 -25.5633 0.5833 0.375 0.6084 -0.5095 0.6084
-20.3781 0 -30.9727 0.5 0.4167 0.5 0 0.866
-29.6097 -1.7666 -25.5633 0.5833 0.375 0.6084 -0.5095 0.6084
-21.0479 -1.7666 -32.133 0.5833 0.4167 0.4302 -0.5095 0.7452
-20.3781 0 -30.9727 0.5 0.4167 0.5 0 0.866
-29.6097 -1.7666 -25.5633 0.5833 0.375 0.6084 -0.5095 0.6084
-32.1979 -3.0599 -28.1515 0.6667 0.375 0.3419 -0.8753 0.3419
-21.0479 -1.7666 -32.133 0.5833 0.4167 0.4302 -0.5095 0.7452
-32.1979 -3.0599 -28.1515 0.6667 0.375 0.3419 -0.8753 0.3419
-22.878 -3.0599 -35.3028 0.6667 0.4167 0.2417 -0.8753 0.4187
-21.0479 -1.7666 -32.133 0.5833 0.4167 0.4302 -0.5095 0.7452
-32.1979 -3.0599 -28.1515 0.6667 0.375 0.3419 -0.8753 0.3419
-35.7334 -3.5332 -31.687 0.75 0.375 -0.0152 -0.9998 -0.0152
-22.878 -3.0599 -35.3028 0.6667 0.4167 0.2417 -0.8753 0.4187
-35.7334 -3.5332 -31.687 0.75 0.375 -0.0152 -0.9998 -0.0152
-25.378 -3.5332 -39.633 0.75 0.4167 -0.0108 -0.9998 -0.0187
-22.878 -3.0599 -35.3028 0.6667 0.4167 0.2417 -0.8753 0.4187
-35.7334 -3.5332 -31.687 0.75 0.375 -0.0152 -0.9998 -0.0152
-39.2689 -3.0599 -35.2226 0.8333 0.375 -0.3647 -0.8567 -0.3647
-25.378 -3.5332 -39.633 0.75 0.4167 -0.0108 -0.9998 -0.0187
-39.2689 -3.0599 -35.2226 0.8333 0.375 -0.3647 -0.8567 -0.3647
-27.878 -3.0599 -43.9631 0.8333 0.4167 -0.2579 -0.8567 -0.4467
-25.378 -3.5332 -39.633 0.75 0.4167 -0.0108 -0.9998 -0.0187
-39.2689 -3.0599 -35.2226 0.8333 0.375 -0.3647 -0.8567 -0.3647
-41.8571 -1.7666 -37.8108 0.9167 0.375 -0.616 -0.4909 -0.616
-27.878 -3.0599 -43.9631 0.8333 0.4167 -0.2579 -0.8567 -0.4467
-41.8571 -1.7666 -37.8108 0.9167 0.375 -0.616 -0.4909 -0.616
-29.7082 -1.7666 -47.133 0.9167 0.4167 -0.4356 -0.4909 -0.7545
-27.878 -3.0599 -43.9631 0.8333 0.4167 -0.2579 -0.8567 -0.4467
-41.8571 -1.7666 -37.8108 0.9167 0.375 -0.616 -0.4909 -0.616
-42.8045 0 -38.7581 1 0.375 -0.7071 -0 -0.7071
-29.7082 -1.7666 -47.133 0.9167 0.4167 -0.4356 -0.4909 -0.7545
-42.8045 0 -38.7581 1 0.375 -0.7071 -0 -0.7071
-30.378 0 -48.2932 1 0.4167 -0.5 -0 -0.866
-29.7082 -1.7666 -47.133 0.9167 0.4167 -0.4356 -0.4909 -0.7545
-52.3396 0 -26.3317 0 0.3333 -0.866 -0 -0.5
-51.1793 1.7666 -25.6618 0.0833 0.3333 -0.7545 0.4909 -0.4356
-42.8045 0 -38.7581 0 0.375 -0.7071 -0 -0.7071
-51.1793 1.7666 -25.6618 0.0833 0.3333 -0.7545 0.4909 -0.4356
-41.8571 1.7666 -37.8108 0.0833 0.375 -0.616 0.4909 -0.616
-42.8045 0 -38.7581 0 0.375 -0.7071 -0 -0.7071
-51.1793 1.7666 -25.6618 0.0833 0.3333 -0.7545 0.4909 -0.4356
-48.0094 3.0599 -23.8317 0.1667 0.3333 -0.4467 0.8567 -0.2579
-41.8571 1.7666 -37.8108 0.0833 0.375 -0.616 0.4909 -0.616
-48.0094 3.0599 -23.8317 0.1667 0.3333 -0.4467 0.8567 -0.2579
-39.2689 3.0599 -35.2226 0.1667 0.375 -0.3647 0.8567 -0.3647
-41.8571 1.7666 -37.8108 0.0833 0.375 -0.616 0.4909 -0.616
-48.0094 3.0599 -23.8317 0.1667 0.3333 -0.4467 0.8567 -0.2579
-43.6793 3.5332 -21.3317 0.25 0.3333 -0.0187 0.9998 -0.0108
-39.2689 3.0599 -35.2226 0.1667 0.375 -0.3647 0.8567 -0.3647
-43.6793 3.5332 -21.3317 0.25 0.3333 -0.0187 0.9998 -0.0108
-35.7334 3.5332 -31.687 0.25 0.375 -0.0152 0.9998 -0.0152
-39.2689 3.0599 -35.2226 0.1667 0.375 -0.3647 0.8567 -0.3647
-43.6793 3.5332 -21.3317 0.25 0.3333 -0.0187 0.9998 -0.0108
-39.3492 3.0599 -18.8317 0.3333 0.3333 0.4187 0.8753 0.2417
-35.7334 3.5332 -31.687 0.25 0.375 -0.0152 0.9998 -0.0152
-39.3492 3.0599 -18.8317 0.3333 0.3333 0.4187 0.8753 0.2417
-32.1979 3.0599 -28.1515 0.3333 0.375 0.3419 0.8753 0.3419
-35.7334 3.5332 -31.687 0.25 0.375 -0.0152 0.9998 -0.0152
-39.3492 3.0599 -18.8317 0.3333 0.3333 0.4187 0.8753 0.2417
-36.1793 1.7666 -17.0016 0.4167 0.3333 0.7452 0.5096 0.4302
-32.1979 3.0599 -28.1515 0.3333 0.375 0.3419 0.8753 0.3419
-36.1793 1.7666 -17.0016 0.4167 0.3333 0.7452 0.5096 0.4302
-29.6097 1.7666 -25.5633 0.4167 0.375 0.6084 0.5096 0.6084
-32.1979 3.0599 -28.1515 0.3333 0.375 0.3419 0.8753 0.3419
-36.1793 1.7666 -17.0016 0.4167 0.3333 0.7452 0.5096 0.4302
-35.0191 0 -16.3317 0.5 0.3333 0.866 -0 0.5
-29.6097 1.7666 -25.5633 0.4167 0.375 0.6084 0.5096 0.6084
-35.0191 0 -16.3317 0.5 0.3333 0.866 -0 0.5
-28.6623 0 -24.616 0.5 0.375 0.7071 0 0.7071
-29.6097 1.7666 -25.5633 0.4167 0.375 0.6084 0.5096 0.6084
-35.0191 0 -16.3317 0.5 0.3333 0.866 -0 0.5
-36.1793 -1.7666 -17.0016 0.5833 0.3333 0.7452 -0.5095 0.4302
-28.6623 0 -24.616 0.5 0.375 0.7071 0 0.7071
-36.1793 -1.7666 -17.0016 0.5833 0.3333 0.7452 -0.5095 0.4302
-29.6097 -1.7666 -25.5633 0.5833 0.375 0.6084 -0.5095 0.6084
-28.6623 0 -24.616 0.5 0.375 0.7071 0 0.7071
-36.1793 -1.7666 -17.0016 0.5833 0.3333 0.7452 -0.5095 0.4302
-39.3492 -3.0599 -18.8317 0.6667 0.3333 0.4187 -0.8753 0.2417
-29.6097 -1.7666 -25.5633 0.5833 0.375 0.6084 -0.5095 0.6084
-39.3492 -3.0599 -18.8317 0.6667 0.3333 0.4187 -0.8753 0.2417
-32.1979 -3.0599 -28.1515 0.6667 0.375 0.3419 -0.8753 0.3419
-29.6097 -1.7666 -25.5633 0.5833 0.375 0.6084 -0.5095 0.6084
-39.3492 -3.0599 -18.8317 0.6667 0.3333 0.4187 -0.8753 0.2417
-43.6793 -3.5332 -21.3317 0.75 0.3333 -0.0187 -0.9998 -0.0108
-32.1979 -3.0599 -28.1515 0.6667 0.375 0.3419 -0.8753 0.3419
-43.6793 -3.5332 -21.3317 0.75 0.3333 -0.0187 -0.9998 -0.0108
-35.7334 -3.5332 -31.687 0.75 0.375 -0.0152 -0.9998 -0.0152
-32.1979 -3.0599 -28.1515 0.6667 0.375 0.3419 -0.8753 0.3419
-43.6793 -3.5332 -21.3317 0.75 0.3333 -0.0187 -0.9998 -0.0108
-48.0094 -3.0599 -23.8317 0.8333 0.3333 -0.4467 -0.8567 -0.2579
-35.7334 -3.5332 -31.687 0.75 0.375 -0.0152 -0.9998 -0.0152
-48.0094 -3.0599 -23.8317 0.8333 0.3333 -0.4467 -0.8567 -0.2579
-39.2689 -3.0599 -35.2226 0.8333 0.375 -0.3647 -0.8567 -0.3647
-35.7334 -3.5332 -31.687 0.75 0.375 -0.0152 -0.9998 -0.0152
-48.0094 -3.0599 -23.8317 0.8333 0.3333 -0.4467 -0.8567 -0.2579
-51.1793 -1.7666 -25.6618 0.9167 0.3333 -0.7545 -0.4909 -0.4356
-39.2689 -3.0599 -35.2226 0.8333 0.375 -0.3647 -0.8567 -0.3647
-51.1793 -1.7666 -25.6618 0.9167 0.3333 -0.7545 -0.4909 -0.4356
-41.8571 -1.7666 -37.8108 0.9167 0.375 -0.616 -0.4909 -0.616
-39.2689 -3.0599 -35.2226 0.8333 0.375 -0.3647 -0.8567 -0.3647
-51.1793 -1.7666 -25.6618 0.9167 0.3333 -0.7545 -0.4909 -0.4356
-52.3396 0 -26.3317 1 0.3333 -0.866 -0 -0.5
-41.8571 -1.7666 -37.8108 0.9167 0.375 -0.616 -0.4909 -0.616
-52.3396 0 -26.3317 1 0.3333 -0.866 -0 -0.5
-42.8045 0 -38.7581 1 0.375 -0.7071 -0 -0.7071
-41.8571 -1.7666 -37.8108 0.9167 0.375 -0.616 -0.4909 -0.616
-58.3336 0 -11.8608 0 0.2917 -0.9659 -0 -0.2588
-57.0395 1.7666 -11.5141 0.0833 0.2917 -0.8415 0.4909 -0.2255
-52.3396 0 -26.3317 0 0.3333 -0.866 -0 -0.5
-57.0395 1.7666 -11.5141 0.0833 0.2917 -0.8415 0.4909 -0.2255
-51.1793 1.7666 -25.6618 0.0833 0.3333 -0.7545 0.4909 -0.4356
-52.3396 0 -26.3317 0 0.3333 -0.866 -0 -0.5
-57.0395 1.7666 -11.5141 0.0833 0.2917 -0.8415 0.4909 -0.2255
-53.504 3.0599 -10.5667 0.1667 0.2917 -0.4982 0.8567 -0.1335
-51.1793 1.7666 -25.6618 0.0833 0.3333 -0.7545 0.4909 -0.4356
-53.504 3.0599 -10.5667 0.1667 0.2917 -0.4982 0.8567 -0.1335
-48.0094 3.0599 -23.8317 0.1667 0.3333 -0.4467 0.8567 -0.2579
-51.1793 1.7666 -25.6618 0.0833 0.3333 -0.7545 0.4909 -0.4356
-53.504 3.0599 -10.5667 0.1667 0.2917 -0.4982 0.8567 -0.1335
-48.6743 3.5332 -9.2727 0.25 0.2917 -0.0208 0.9998 -0.0056
-48.0094 3.0599 -23.8317 0.1667 0.3333 -0.4467 0.8567 -0.2579
-48.6743 3.5332 -9.2727 0.25 0.2917 -0.0208 0.9998 -0.0056
-43.6793 3.5332 -21.3317 0.25 0.3333 -0.0187 0.9998 -0.0108
-48.0094 3.0599 -23.8317 0.1667 0.3333 -0.4467 0.8567 -0.2579
-48.6743 3.5332 -9.2727 0.25 0.2917 -0.0208 0.9998 -0.0056
-43.8447 3.0599 -7.9786 0.3333 0.2917 0.467 0.8753 0.1251
-43.6793 3.5332 -21.3317 0.25 0.3333 -0.0187 0.9998 -0.0108
-43.8447 3.0599 -7.9786 0.3333 0.2917 0.467 0.8753 0.1251
-39.3492 3.0599 -18.8317 0.3333 0.3333 0.4187 0.8753 0.2417
-43.6793 3.5332 -21.3317 0.25 0.3333 -0.0187 0.9998 -0.0108
-43.8447 3.0599 -7.9786 0.3333 0.2917 0.467 0.8753 0.1251
-40.3092 1.7666 -7.0312 0.4167 0.2917 0.8311 0.5096 0.2227
-39.3492 3.0599 -18.8317 0.3333 0.3333 0.4187 0.8753 0.2417
-40.3092 1.7666 -7.0312 0.4167 0.2917 0.8311 0.5096 0.2227
-36.1793 1.7666 -17.0016 0.4167 0.3333 0.7452 0.5096 0.4302
-39.3492 3.0599 -18.8317 0.3333 0.3333 0.4187 0.8753 0.2417
-40.3092 1.7666 -7.0312 0.4167 0.2917 0.8311 0.5096 0.2227
-39.0151 0 -6.6845 0.5 0.2917 0.9659 0 0.2588
-36.1793 1.7666 -17.0016 0.4167 0.3333 0.7452 0.5096 0.4302
-39.0151 0 -6.6845 0.5 0.2917 0.9659 0 0.2588
-35.0191 0 -16.3317 0.5 0.3333 0.866 -0 0.5
-36.1793 1.7666 -17.0016 0.4167 0.3333 0.7452 0.5096 0.4302
-39.0151 0 -6.6845 0.5 0.2917 0.9659 0 0.2588
-40.3092 -1.7666 -7.0312 0.5833 0.2917 0.8311 -0.5095 0.2227
-35.0191 0 -16.3317 0.5 0.3333 0.866 -0 0.5
-40.3092 -1.7666 -7.0312 0.5833 0.2917 0.8311 -0.5095 0.2227
-36.1793 -1.7666 -17.0016 0.5833 0.3333 0.7452 -0.5095 0.4302
-35.0191 0 -16.3317 0.5 0.3333 0.866 -0 0.5
-40.3092 -1.7666 -7.0312 0.5833 0.2917 0.8311 -0.5095 0.2227
-43.8447 -3.0599 -7.9786 0.6667 0.2917 0.467 -0.8753 0.1251
-36.1793 -1.7666 -17.0016 0.5833 0.3333 0.7452 -0.5095 0.4302
-43.8447 -3.0599 -7.9786 0.6667 0.2917 0.467 -0.8753 0.1251
-39.3492 -3.0599 -18.8317 0.6667 0.3333 0.4187 -0.8753 0.2417
-36.1793 -1.7666 -17.0016 0.5833 0.3333 0.7452 -0.5095 0.4302
-43.8447 -3.0599 -7.9786 0.6667 0.2917 0.467 -0.8753 0.1251
-48.6743 -3.5332 -9.2727 0.75 0.2917 -0.0208 -0.9998 -0.0056
-39.3492 -3.0599 -18.8317 0.6667 0.3333 0.4187 -0.8753 0.2417
-48.6743 -3.5332 -9.2727 0.75 0.2917 -0.0208 -0.9998 -0.0056
-43.6793 -3.5332 -21.3317 0.75 0.3333 -0.0187 -0.9998 -0.0108
-39.3492 -3.0599 -18.8317 0.6667 0.3333 0.4187 -0.8753 0.2417
-48.6743 -3.5332 -9.2727 0.75 0.2917 -0.0208 -0.9998 -0.0056
-53.504 -3.0599 -10.5667 0.8333 0.2917 -0.4982 -0.8567 -0.1335
-43.6793 -3.5332 -21.3317 0.75 0.3333 -0.0187 -0.9998 -0.0108
-53.504 -3.0599 -10.5667 0.8333 0.2917 -0.4982 -0.8567 -0.1335
-48.0094 -3.0599 -23.8317 0.8333 0.3333 -0.4467 -0.8567 -0.2579
-43.6793 -3.5332 -21.3317 0.75 0.3333 -0.0187 -0.9998 -0.0108
-53.504 -3.0599 -10.5667 0.8333 0.2917 -0.4982 -0.8567 -0.1335
-57.0395 -1.7666 -11.5141 0.9167 0.2917 -0.8415 -0.4909 -0.2255
-48.0094 -3.0599 -23.8317 0.8333 0.3333 -0.4467 -0.8567 -0.2579
-57.0395 -1.7666 -11.5141 0.9167 0.2917 -0.8415 -0.4909 -0.2255
-51.1793 -1.7666 -25.6618 0.9167 0.3333 -0.7545 -0.4909 -0.4356
-48.0094 -3.0599 -23.8317 0.8333 0.3333 -0.4467 -0.8567 -0.2579
-57.0395 -1.7666 -11.5141 0.9167 0.2917 -0.8415 -0.4909 -0.2255
-58.3336 0 -11.8608 1 0.2917 -0.9659 -0 -0.2588
-51.1793 -1.7666 -25.6618 0.9167 0.3333 -0.7545 -0.4909 -0.4356
-58.3336 0 -11.8608 1 0.2917 -0.9659 -0 -0.2588
-52.3396 0 -26.3317 1 0.3333 -0.866 -0 -0.5
-51.1793 -1.7666 -25.6618 0.9167 0.3333 -0.7545 -0.4909 -0.4356
-60.3781 0 3.6683 0 0.25 -1 -0 -0
-59.0383 1.7666 3.6683 0.0833 0.25 -0.8712 0.4909 -0
-58.3336 0 -11.8608 0 0.2917 -0.9659 -0 -0.2588
-59.0383 1.7666 3.6683 0.0833 0.25 -0.8712 0.4909 -0
-57.0395 1.7666 -11.5141 0.0833 0.2917 -0.8415 0.4909 -0.2255
-58.3336 0 -11.8608 0 0.2917 -0.9659 -0 -0.2588
-59.0383 1.7666 3.6683 0.0833 0.25 -0.8712 0.4909 -0
-55.3781 3.0599 3.6683 0.1667 0.25 -0.5158 0.8567 -0
-57.0395 1.7666 -11.5141 0.0833 0.2917 -0.8415 0.4909 -0.2255
-55.3781 3.0599 3.6683 0.1667 0.25 -0.5158 0.8567 -0
-53.504 3.0599 -10.5667 0.1667 0.2917 -0.4982 0.8567 -0.1335
-57.0395 1.7666 -11.5141 0.0833 0.2917 -0.8415 0.4909 -0.2255
-55.3781 3.0599 3.6683 0.1667 0.25 -0.5158 0.8567 -0
-50.3781 3.5332 3.6683 0.25 0.25 -0.0216 0.9998 -0
-53.504 3.0599 -10.5667 0.1667 0.2917 -0.4982 0.8567 -0.1335
-50.3781 3.5332 3.6683 0.25 0.25 -0.0216 0.9998 -0
-48.6743 3.5332 -9.2727 0.25 0.2917 -0.0208 0.9998 -0.0056
-53.504 3.0599 -10.5667 0.1667 0.2917 -0.4982 0.8567 -0.1335
-50.3781 3.5332 3.6683 0.25 0.25 -0.0216 0.9998 -0
-45.3781 3.0599 3.6683 0.3333 0.25 0.4835 0.8753 0
-48.6743 3.5332 -9.2727 0.25 0.2917 -0.0208 0.9998 -0.0056
-45.3781 3.0599 3.6683 0.3333 0.25 0.4835 0.8753 0
-43.8447 3.0599 -7.9786 0.3333 0.2917 0.467 0.8753 0.1251
-48.6743 3.5332 -9.2727 0.25 0.2917 -0.0208 0.9998 -0.0056
-45.3781 3.0599 3.6683 0.3333 0.25 0.4835 0.8753 0
-41.7178 1.7666 3.6683 0.4167 0.25 0.8604 0.5096 0
-43.8447 3.0599 -7.9786 0.3333 0.2917 0.467 0.8753 0.1251
-41.7178 1.7666 3.6683 0.4167 0.25 0.8604 0.5096 0
-40.3092 1.7666 -7.0312 0.4167 0.2917 0.8311 0.5096 0.2227
-43.8447 3.0599 -7.9786 0.3333 0.2917 0.467 0.8753 0.1251
-41.7178 1.7666 3.6683 0.4167 0.25 0.8604 0.5096 0
-40.3781 0 3.6683 0.5 0.25 1 0 0
-40.3092 1.7666 -7.0312 0.4167 0.2917 0.8311 0.5096 0.2227
-40.3781 0 3.6683 0.5 0.25 1 0 0
-39.0151 0 -6.6845 0.5 0.2917 0.9659 0 0.2588
-40.3092 1.7666 -7.0312 0.4167 0.2917 0.8311 0.5096 0.2227
-40.3781 0 3.6683 0.5 0.25 1 0 0
-41.7178 -1.7666 3.6683 0.5833 0.25 0.8604 -0.5095 0
-39.0151 0 -6.6845 0.5 0.2917 0.9659 0 0.2588
-41.7178 -1.7666 3.6683 0.5833 0.25 0.8604 -0.5095 0
-40.3092 -1.7666 -7.0312 0.5833 0.2917 0.8311 -0.5095 0.2227
-39.0151 0 -6.6845 0.5 0.2917 0.9659 0 0.2588
-41.7178 -1.7666 3.6683 0.5833 0.25 0.8604 -0.5095 0
-45.3781 -3.0599 3.6683 0.6667 0.25 0.4835 -0.8753 0
-40.3092 -1.7666 -7.0312 0.5833 0.2917 0.8311 -0.5095 0.2227
-45.3781 -3.0599 3.6683 0.6667 0.25 0.4835 -0.8753 0
-43.8447 -3.0599 -7.9786 0.6667 0.2917 0.467 -0.8753 0.1251
-40.3092 -1.7666 -7.0312 0.5833 0.2917 0.8311 -0.5095 0.2227
-45.3781 -3.0599 3.6683 0.6667 0.25 0.4835 -0.8753 0
-50.3781 -3.5332 3.6683 0.75 0.25 -0.0216 -0.9998 -0
-43.8447 -3.0599 -7.9786 0.6667 0.2917 0.467 -0.8753 0.1251
-50.3781 -3.5332 3.6683 0.75 0.25 -0.0216 -0.9998 -0
-48.6743 -3.5332 -9.2727 0.75 0.2917 -0.0208 -0.9998 -0.0056
-43.8447 -3.0599 -7.9786 0.6667 0.2917 0.467 -0.8753 0.1251
-50.3781 -3.5332 3.6683 0.75 0.25 -0.0216 -0.9998 -0
-55.3781 -3.0599 3.6683 0.8333 0.25 -0.5158 -0.8567 -0
-48.6743 -3.5332 -9.2727 0.75 0.2917 -0.0208 -0.9998 -0.0056
-55.3781 -3.0599 3.6683 0.8333 0.25 -0.5158 -0.8567 -0
-53.504 -3.0599 -10.5667 0.8333 0.2917 -0.4982 -0.8567 -0.1335
-48.6743 -3.5332 -9.2727 0.75 0.2917 -0.0208 -0.9998 -0.0056
-55.3781 -3.0599 3.6683 0.8333 0.25 -0.5158 -0.8567 -0
-59.0383 -1.7666 3.6683 0.9167 0.25 -0.8712 -0.4909 -0
-53.504 -3.0599 -10.5667 0.8333 0.2917 -0.4982 -0.8567 -0.1335
-59.0383 -1.7666 3.6683 0.9167 0.25 -0.8712 -0.4909 -0
-57.0395 -1.7666 -11.5141 0.9167 0.2917 -0.8415 -0.4909 -0.2255
-53.504 -3.0599 -10.5667 0.8333 0.2917 -0.4982 -0.8567 -0.1335
-59.0383 -1.7666 3.6683 0.9167 0.25 -0.8712 -0.4909 -0
-60.3781 0 3.6683 1 0.25 -1 -0 -0
-57.0395 -1.7666 -11.5141 0.9167 0.2917 -0.8415 -0.4909 -0.2255
-60.3781 0 3.6683 1 0.25 -1 -0 -0
-58.3336 0 -11.8608 1 0.2917 -0.9659 -0 -0.2588
-57.0395 -1.7666 -11.5141 0.9167 0.2917 -0.8415 -0.4909 -0.2255
-58.3336 0 19.1974 0 0.2083 -0.9659 -0 0.2588
-57.0395 1.7666 18.8507 0.0833 0.2083 -0.8415 0.4909 0.2255
-60.3781 0 3.6683 0 0.25 -1 -0 -0
-57.0395 1.7666 18.8507 0.0833 0.2083 -0.8415 0.4909 0.2255
-59.0383 1.7666 3.6683 0.0833 0.25 -0.8712 0.4909 -0
-60.3781 0 3.6683 0 0.25 -1 -0 -0
-57.0395 1.7666 18.8507 0.0833 0.2083 -0.8415 0.4909 0.2255
-53.504 3.0599 17.9033 0.1667 0.2083 -0.4982 0.8567 0.1335
-59.0383 1.7666 3.6683 0.0833 0.25 -0.8712 0.4909 -0
-53.504 3.0599 17.9033 0.1667 0.2083 -0.4982 0.8567 0.1335
-55.3781 3.0599 3.6683 0.1667 0.25 -0.5158 0.8567 -0
-59.0383 1.7666 3.6683 0.0833 0.25 -0.8712 0.4909 -0
-53.504 3.0599 17.9033 0.1667 0.2083 -0.4982 0.8567 0.1335
-48.6744 3.5332 16.6092 0.25 0.2083 -0.0208 0.9998 0.0056
-55.3781 3.0599 3.6683 0.1667 0.25 -0.5158 0.8567 -0
-48.6744 3.5332 16.6092 0.25 0.2083 -0.0208 0.9998 0.0056
-50.3781 3.5332 3.6683 0.25 0.25 -0.0216 0.9998 -0
-55.3781 3.0599 3.6683 0.1667 0.25 -0.5158 0.8567 -0
-48.6744 3.5332 16.6092 0.25 0.2083 -0.0208 0.9998 0.0056
-43.8447 3.0599 15.3152 0.3333 0.2083 0.467 0.8753 -0.1251
-50.3781 3.5332 3.6683 0.25 0.25 -0.0216 0.9998 -0
-43.8447 3.0599 15.3152 0.3333 0.2083 0.467 0.8753 -0.1251
-45.3781 3.0599 3.6683 0.3333 0.25 0.4835 0.8753 0
-50.3781 3.5332 3.6683 0.25 0.25 -0.0216 0.9998 -0
-43.8447 3.0599 15.3152 0.3333 0.2083 0.467 0.8753 -0.1251
-40.3092 1.7666 14.3678 0.4167 0.2083 0.8311 0.5096 -0.2227
-45.3781 3.0599 3.6683 0.3333 0.25 0.4835 0.8753 0
-40.3092 1.7666 14.3678 0.4167 0.2083 0.8311 0.5096 -0.2227
-41.7178 1.7666 3.6683 0.4167 0.25 0.8604 0.5096 0
-45.3781 3.0599 3.6683 0.3333 0.25 0.4835 0.8753 0
-40.3092 1.7666 14.3678 0.4167 0.2083 0.8311 0.5096 -0.2227
-39.0151 0 14.0211 0.5 0.2083 0.9659 0 -0.2588
-41.7178 1.7666 3.6683 0.4167 0.25 0.8604 0.5096 0
-39.0151 0 14.0211 0.5 0.2083 0.9659 0 -0.2588
-40.3781 0 3.6683 0.5 0.25 1 0 0
-41.7178 1.7666 3.6683 0.4167 0.25 0.8604 0.5096 0
-39.0151 0 14.0211 0.5 0.2083 0.9659 0 -0.2588
-40.3092 -1.7666 14.3678 0.5833 0.2083 0.8311 -0.5095 -0.2227
-40.3781 0 3.6683 0.5 0.25 1 0 0
-40.3092 -1.7666 14.3678 0.5833 0.2083 0.8311 -0.5095 -0.2227
-41.7178 -1.7666 3.6683 0.5833 0.25 0.8604 -0.5095 0
-40.3781 0 3.6683 0.5 0.25 1 0 0
-40.3092 -1.7666 14.3678 0.5833 0.2083 0.8311 -0.5095 -0.2227
-43.8447 -3.0599 15.3152 0.6667 0.2083 0.467 -0.8753 -0.1251
-41.7178 -1.7666 3.6683 0.5833 0.25 0.8604 -0.5095 0
-43.8447 -3.0599 15.3152 0.6667 0.2083 0.467 -0.8753 -0.1251
-45.3781 -3.0599 3.6683 0.6667 0.25 0.4835 -0.8753 0
-41.7178 -1.7666 3.6683 0.5833 0.25 0.8604 -0.5095 0
-43.8447 -3.0599 15.3152 0.6667 0.2083 0.467 -0.8753 -0.1251
-48.6744 -3.5332 16.6092 0.75 0.2083 -0.0208 -0.9998 0.0056
-45.3781 -3.0599 3.6683 0.6667 0.25 0.4835 -0.8753 0
-48.6744 -3.5332 16.6092 0.75 0.2083 -0.0208 -0.9998 0.0056
-50.3781 -3.5332 3.6683 0.75 0.25 -0.0216 -0.9998 -0
-45.3781 -3.0599 3.6683 0.6667 0.25 0.4835 -0.8753 0
-48.6744 -3.5332 16.6092 0.75 0.2083 -0.0208 -0.9998 0.0056
-53.504 -3.0599 17.9033 0.8333 0.2083 -0.4982 -0.8567 0.1335
-50.3781 -3.5332 3.6683 0.75 0.25 -0.0216 -0.9998 -0
-53.504 -3.0599 17.9033 0.8333 0.2083 -0.4982 -0.8567 0.1335
-55.3781 -3.0599 3.6683 0.8333 0.25 -0.5158 -0.8567 -0
-50.3781 -3.5332 3.6683 0.75 0.25 -0.0216 -0.9998 -0
-53.504 -3.0599 17.9033 0.8333 0.2083 -0.4982 -0.8567 0.1335
-57.0395 -1.7666 18.8507 0.9167 0.2083 -0.8415 -0.4909 0.2255
-55.3781 -3.0599 3.6683 0.8333 0.25 -0.5158 -0.8567 -0
-57.0395 -1.7666 18.8507 0.9167 0.2083 -0.8415 -0.4909 0.2255
-59.0383 -1.7666 3.6683 0.9167 0.25 -0.8712 -0.4909 -0
-55.3781 -3.0599 3.6683 0.8333 0.25 -0.5158 -0.8567 -0
-57.0395 -1.7666 18.8507 0.9167 0.2083 -0.8415 -0.4909 0.2255
-58.3336 0 19.1974 1 0.2083 -0.9659 -0 0.2588
-59.0383 -1.7666 3.6683 0.9167 0.25 -0.8712 -0.4909 -0
-58.3336 0 19.1974 1 0.2083 -0.9659 -0 0.2588
-60.3781 0 3.6683 1 0.25 -1 -0 -0
-59.0383 -1.7666 3.6683 0.9167 0.25 -0.8712 -0.4909 -0
-52.3396 0 33.6683 0 0.1667 -0.866 -0 0.5
-51.1793 1.7666 32.9984 0.0833 0.1667 -0.7545 0.4909 0.4356
-58.3336 0 19.1974 0 0.2083 -0.9659 -0 0.2588
-51.1793 1.7666 32.9984 0.0833 0.1667 -0.7545 0.4909 0.4356
-57.0395 1.7666 18.8507 0.0833 0.2083 -0.8415 0.4909 0.2255
-58.3336 0 19.1974 0 0.2083 -0.9659 -0 0.2588
-51.1793 1.7666 32.9984 0.0833 0.1667 -0.7545 0.4909 0.4356
-48.0095 3.0599 31.1683 0.1667 0.1667 -0.4467 0.8567 0.2579
-57.0395 1.7666 18.8507 0.0833 0.2083 -0.8415 0.4909 0.2255
-48.0095 3.0599 31.1683 0.1667 0.1667 -0.4467 0.8567 0.2579
-53.504 3.0599 17.9033 0.1667 0.2083 -0.4982 0.8567 0.1335
-57.0395 1.7666 18.8507 0.0833 0.2083 -0.8415 0.4909 0.2255
-48.0095 3.0599 31.1683 0.1667 0.1667 -0.4467 0.8567 0.2579
-43.6793 3.5332 28.6683 0.25 0.1667 -0.0187 0.9998 0.0108
-53.504 3.0599 17.9033 0.1667 0.2083 -0.4982 0.8567 0.1335
-43.6793 3.5332 28.6683 0.25 0.1667 -0.0187 0.9998 0.0108
-48.6744 3.5332 16.6092 0.25 0.2083 -0.0208 0.9998 0.0056
-53.504 3.0599 17.9033 0.1667 0.2083 -0.4982 0.8567 0.1335
-43.6793 3.5332 28.6683 0.25 0.1667 -0.0187 0.9998 0.0108
-39.3492 3.0599 26.1683 0.3333 0.1667 0.4187 0.8753 -0.2417
-48.6744 3.5332 16.6092 0.25 0.2083 -0.0208 0.9998 0.0056
-39.3492 3.0599 26.1683 0.3333 0.1667 0.4187 0.8753 -0.2417
-43.8447 3.0599 15.3152 0.3333 0.2083 0.467 0.8753 -0.1251
-48.6744 3.5332 16.6092 0.25 0.2083 -0.0208 0.9998 0.0056
-39.3492 3.0599 26.1683 0.3333 0.1667 0.4187 0.8753 -0.2417
-36.1793 1.7666 24.3382 0.4167 0.1667 0.7452 0.5096 -0.4302
-43.8447 3.0599 15.3152 0.3333 0.2083 0.467 0.8753 -0.1251
-36.1793 1.7666 24.3382 0.4167 0.1667 0.7452 0.5096 -0.4302
-40.3092 1.7666 14.3678 0.4167 0.2083 0.8311 0.5096 -0.2227
-43.8447 3.0599 15.3152 0.3333 0.2083 0.467 0.8753 -0.1251
-36.1793 1.7666 24.3382 0.4167 0.1667 0.7452 0.5096 -0.4302
-35.0191 0 23.6683 0.5 0.1667 0.866 -0 -0.5
-40.3092 1.7666 14.3678 0.4167 0.2083 0.8311 0.5096 -0.2227
-35.0191 0 23.6683 0.5 0.1667 0.866 -0 -0.5
-39.0151 0 14.0211 0.5 0.2083 0.9659 0 -0.2588
-40.3092 1.7666 14.3678 0.4167 0.2083 0.8311 0.5096 -0.2227
-35.0191 0 23.6683 0.5 0.1667 0.866 -0 -0.5
-36.1793 -1.7666 24.3382 0.5833 0.1667 0.7452 -0.5095 -0.4302
-39.0151 0 14.0211 0.5 0.2083 0.9659 0 -0.2588
-36.1793 -1.7666 24.3382 0.5833 0.1667 0.7452 -0.5095 -0.4302
-40.3092 -1.7666 14.3678 0.5833 0.2083 0.8311 -0.5095 -0.2227
-39.0151 0 14.0211 0.5 0.2083 0.9659 0 -0.2588
-36.1793 -1.7666 24.3382 0.5833 0.1667 0.7452 -0.5095 -0.4302
-39.3492 -3.0599 26.1683 0.6667 0.1667 0.4187 -0.8753 -0.2417
-40.3092 -1.7666 14.3678 0.5833 0.2083 0.8311 -0.5095 -0.2227
-39.3492 -3.0599 26.1683 0.6667 0.1667 0.4187 -0.8753 -0.2417
-43.8447 -3.0599 15.3152 0.6667 0.2083 0.467 -0.8753 -0.1251
-40.3092 -1.7666 14.3678 0.5833 0.2083 0.8311 -0.5095 -0.2227
-39.3492 -3.0599 26.1683 0.6667 0.1667 0.4187 -0.8753 -0.2417
-43.6793 -3.5332 28.6683 0.75 0.1667 -0.0187 -0.9998 0.0108
-43.8447 -3.0599 15.3152 0.6667 0.2083 0.467 -0.8753 -0.1251
-43.6793 -3.5332 28.6683 0.75 0.1667 -0.0187 -0.9998 0.0108
-48.6744 -3.5332 16.6092 0.75 0.2083 -0.0208 -0.9998 0.0056
-43.8447 -3.0599 15.3152 0.6667 0.2083 0.467 -0.8753 -0.1251
-43.6793 -3.5332 28.6683 0.75 0.1667 -0.0187 -0.9998 0.0108
-48.0095 -3.0599 31.1683 0.8333 0.1667 -0.4467 -0.8567 0.2579
-48.6744 -3.5332 16.6092 0.75 0.2083 -0.0208 -0.9998 0.0056
-48.0095 -3.0599 31.1683 0.8333 0.1667 -0.4467 -0.8567 0.2579
-53.504 -3.0599 17.9033 0.8333 0.2083 -0.4982 -0.8567 0.1335
-48.6744 -3.5332 16.6092 0.75 0.2083 -0.0208 -0.9998 0.0056
-48.0095 -3.0599 31.1683 0.8333 0.1667 -0.4467 -0.8567 0.2579
-51.1793 -1.7666 32.9984 0.9167 0.1667 -0.7545 -0.4909 0.4356
-53.504 -3.0599 17.9033 0.8333 0.2083 -0.4982 -0.8567 0.1335
-51.1793 -1.7666 32.9984 0.9167 0.1667 -0.7545 -0.4909 0.4356
-57.0395 -1.7666 18.8507 0.9167 0.2083 -0.8415 -0.4909 0.2255
-53.504 -3.0599 17.9033 0.8333 0.2083 -0.4982 -0.8567 0.1335
-51.1793 -1.7666 32.9984 0.9167 0.1667 -0.7545 -0.4909 0.4356
-52.3396 0 33.6683 1 0.1667 -0.866 -0 0.5
-57.0395 -1.7666 18.8507 0.9167 0.2083 -0.8415 -0.4909 0.2255
-52.3396 0 33.6683 1 0.1667 -0.866 -0 0.5
-58.3336 0 19.1974 1 0.2083 -0.9659 -0 0.2588
-57.0395 -1.7666 18.8507 0.9167 0.2083 -0.8415 -0.4909 0.2255
-42.8045 0 46.0947 0 0.125 -0.7071 -0 0.7071
-41.8571 1.7666 45.1474 0.0833 0.125 -0.616 0.4909 0.616
-52.3396 0 33.6683 0 0.1667 -0.866 -0 0.5
-41.8571 1.7666 45.1474 0.0833 0.125 -0.616 0.4909 0.616
-51.1793 1.7666 32.9984 0.0833 0.1667 -0.7545 0.4909 0.4356
-52.3396 0 33.6683 0 0.1667 -0.866 -0 0.5
-41.8571 1.7666 45.1474 0.0833 0.125 -0.616 0.4909 0.616
-39.269 3.0599 42.5592 0.1667 0.125 -0.3647 0.8567 0.3647
-51.1793 1.7666 32.9984 0.0833 0.1667 -0.7545 0.4909 0.4356
-39.269 3.0599 42.5592 0.1667 0.125 -0.3647 0.8567 0.3647
-48.0095 3.0599 31.1683 0.1667 0.1667 -0.4467 0.8567 0.2579
-51.1793 1.7666 32.9984 0.0833 0.1667 -0.7545 0.4909 0.4356
-39.269 3.0599 42.5592 0.1667 0.125 -0.3647 0.8567 0.3647
-35.7334 3.5332 39.0236 0.25 0.125 -0.0152 0.9998 0.0152
-48.0095 3.0599 31.1683 0.1667 0.1667 -0.4467 0.8567 0.2579
-35.7334 3.5332 39.0236 0.25 0.125 -0.0152 0.9998 0.0152
-43.6793 3.5332 28.6683 0.25 0.1667 -0.0187 0.9998 0.0108
-48.0095 3.0599 31.1683 0.1667 0.1667 -0.4467 0.8567 0.2579
-35.7334 3.5332 39.0236 0.25 0.125 -0.0152 0.9998 0.0152
-32.1979 3.0599 35.4881 0.3333 0.125 0.3419 0.8753 -0.3419
-43.6793 3.5332 28.6683 0.25 0.1667 -0.0187 0.9998 0.0108
-32.1979 3.0599 35.4881 0.3333 0.125 0.3419 0.8753 -0.3419
-39.3492 3.0599 26.1683 0.3333 0.1667 0.4187 0.8753 -0.2417
-43.6793 3.5332 28.6683 0.25 0.1667 -0.0187 0.9998 0.0108
-32.1979 3.0599 35.4881 0.3333 0.125 0.3419 0.8753 -0.3419
-29.6097 1.7666 32.8999 0.4167 0.125 0.6084 0.5096 -0.6084
-39.3492 3.0599 26.1683 0.3333 0.1667 0.4187 0.8753 -0.2417
-29.6097 1.7666 32.8999 0.4167 0.125 0.6084 0.5096 -0.6084
-36.1793 1.7666 24.3382 0.4167 0.1667 0.7452 0.5096 -0.4302
-39.3492 3.0599 26.1683 0.3333 0.1667 0.4187 0.8753 -0.2417
-29.6097 1.7666 32.8999 0.4167 0.125 0.6084 0.5096 -0.6084
-28.6623 0 31.9526 0.5 0.125 0.7071 -0 -0.7071
-36.1793 1.7666 24.3382 0.4167 0.1667 0.7452 0.5096 -0.4302
-28.6623 0 31.9526 0.5 0.125 0.7071 -0 -0.7071
-35.0191 0 23.6683 0.5 0.1667 0.866 -0 -0.5
-36.1793 1.7666 24.3382 0.4167 0.1667 0.7452 0.5096 -0.4302
-28.6623 0 31.9526 0.5 0.125 0.7071 -0 -0.7071
-29.6097 -1.7666 32.8999 0.5833 0.125 0.6084 -0.5096 -0.6084
-35.0191 0 23.6683 0.5 0.1667 0.866 -0 -0.5
-29.6097 -1.7666 32.8999 0.5833 0.125 0.6084 -0.5096 -0.6084
-36.1793 -1.7666 24.3382 0.5833 0.1667 0.7452 -0.5095 -0.4302
-35.0191 0 23.6683 0.5 0.1667 0.866 -0 -0.5
-29.6097 -1.7666 32.8999 0.5833 0.125 0.6084 -0.5096 -0.6084
-32.1979 -3.0599 35.4881 0.6667 0.125 0.3419 -0.8753 -0.3419
-36.1793 -1.7666 24.3382 0.5833 0.1667 0.7452 -0.5095 -0.4302
-32.1979 -3.0599 35.4881 0.6667 0.125 0.3419 -0.8753 -0.3419
-39.3492 -3.0599 26.1683 0.6667 0.1667 0.4187 -0.8753 -0.2417
-36.1793 -1.7666 24.3382 0.5833 0.1667 0.7452 -0.5095 -0.4302
-32.1979 -3.0599 35.4881 0.6667 0.125 0.3419 -0.8753 -0.3419
-35.7334 -3.5332 39.0236 0.75 0.125 -0.0152 -0.9998 0.0152
-39.3492 -3.0599 26.1683 0.6667 0.1667 0.4187 -0.8753 -0.2417
-35.7334 -3.5332 39.0236 0.75 0.125 -0.0152 -0.9998 0.0152
-43.6793 -3.5332 28.6683 0.75 0.1667 -0.0187 -0.9998 0.0108
-39.3492 -3.0599 26.1683 0.6667 0.1667 0.4187 -0.8753 -0.2417
-35.7334 -3.5332 39.0236 0.75 0.125 -0.0152 -0.9998 0.0152
-39.269 -3.0599 42.5592 0.8333 0.125 -0.3647 -0.8567 0.3647
-43.6793 -3.5332 28.6683 0.75 0.1667 -0.0187 -0.9998 0.0108
-39.269 -3.0599 42.5592 0.8333 0.125 -0.3647 -0.8567 0.3647
-48.0095 -3.0599 31.1683 0.8333 0.1667 -0.4467 -0.8567 0.2579
-43.6793 -3.5332 28.6683 0.75 0.1667 -0.0187 -0.9998 0.0108
-39.269 -3.0599 42.5592 0.8333 0.125 -0.3647 -0.8567 0.3647
-41.8571 -1.7666 45.1474 0.9167 0.125 -0.616 -0.4909 0.616
-48.0095 -3.0599 31.1683 0.8333 0.1667 -0.4467 -0.8567 0.2579
-41.8571 -1.7666 45.1474 0.9167 0.125 -0.616 -0.4909 0.616
-51.1793 -1.7666 32.9984 0.9167 0.1667 -0.7545 -0.4909 0.4356
-48.0095 -3.0599 31.1683 0.8333 0.1667 -0.4467 -0.8567 0.2579
-41.8571 -1.7666 45.1474 0.9167 0.125 -0.616 -0.4909 0.616
-42.8045 0 46.0947 1 0.125 -0.7071 -0 0.7071
-51.1793 -1.7666 32.9984 0.9167 0.1667 -0.7545 -0.4909 0.4356
-42.8045 0 46.0947 1 0.125 -0.7071 -0 0.7071
-52.3396 0 33.6683 1 0.1667 -0.866 -0 0.5
-51.1793 -1.7666 32.9984 0.9167 0.1667 -0.7545 -0.4909 0.4356
-30.3781 0 55.6298 0 0.0833 -0.5 -0 0.866
-29.7082 1.7666 54.4696 0.0833 0.0833 -0.4356 0.4909 0.7545
-42.8045 0 46.0947 0 0.125 -0.7071 -0 0.7071
-29.7082 1.7666 54.4696 0.0833 0.0833 -0.4356 0.4909 0.7545
-41.8571 1.7666 45.1474 0.0833 0.125 -0.616 0.4909 0.616
-42.8045 0 46.0947 0 0.125 -0.7071 -0 0.7071
-29.7082 1.7666 54.4696 0.0833 0.0833 -0.4356 0.4909 0.7545
-27.8781 3.0599 51.2997 0.1667 0.0833 -0.2579 0.8567 0.4467
-41.8571 1.7666 45.1474 0.0833 0.125 -0.616 0.4909 0.616
-27.8781 3.0599 51.2997 0.1667 0.0833 -0.2579 0.8567 0.4467
-39.269 3.0599 42.5592 0.1667 0.125 -0.3647 0.8567 0.3647
-41.8571 1.7666 45.1474 0.0833 0.125 -0.616 0.4909 0.616
-27.8781 3.0599 51.2997 0.1667 0.0833 -0.2579 0.8567 0.4467
-25.3781 3.5332 46.9696 0.25 0.0833 -0.0108 0.9998 0.0187
-39.269 3.0599 42.5592 0.1667 0.125 -0.3647 0.8567 0.3647
-25.3781 3.5332 46.9696 0.25 0.0833 -0.0108 0.9998 0.0187
-35.7334 3.5332 39.0236 0.25 0.125 -0.0152 0.9998 0.0152
-39.269 3.0599 42.5592 0.1667 0.125 -0.3647 0.8567 0.3647
-25.3781 3.5332 46.9696 0.25 0.0833 -0.0108 0.9998 0.0187
-22.8781 3.0599 42.6395 0.3333 0.0833 0.2417 0.8753 -0.4187
-35.7334 3.5332 39.0236 0.25 0.125 -0.0152 0.9998 0.0152
-22.8781 3.0599 42.6395 0.3333 0.0833 0.2417 0.8753 -0.4187
-32.1979 3.0599 35.4881 0.3333 0.125 0.3419 0.8753 -0.3419
-35.7334 3.5332 39.0236 0.25 0.125 -0.0152 0.9998 0.0152
-22.8781 3.0599 42.6395 0.3333 0.0833 0.2417 0.8753 -0.4187
-21.0479 1.7666 39.4696 0.4167 0.0833 0.4302 0.5096 -0.7452
-32.1979 3.0599 35.4881 0.3333 0.125 0.3419 0.8753 -0.3419
-21.0479 1.7666 39.4696 0.4167 0.0833 0.4302 0.5096 -0.7452
-29.6097 1.7666 32.8999 0.4167 0.125 0.6084 0.5096 -0.6084
-32.1979 3.0599 35.4881 0.3333 0.125 0.3419 0.8753 -0.3419
-21.0479 1.7666 39.4696 0.4167 0.0833 0.4302 0.5096 -0.7452
-20.3781 0 38.3093 0.5 0.0833 0.5 0 -0.866
-29.6097 1.7666 32.8999 0.4167 0.125 0.6084 0.5096 -0.6084
-20.3781 0 38.3093 0.5 0.0833 0.5 0 -0.866
-28.6623 0 31.9526 0.5 0.125 0.7071 -0 -0.7071
-29.6097 1.7666 32.8999 0.4167 0.125 0.6084 0.5096 -0.6084
-20.3781 0 38.3093 0.5 0.0833 0.5 0 -0.866
-21.0479 -1.7666 39.4696 0.5833 0.0833 0.4302 -0.5096 -0.7452
-28.6623 0 31.9526 0.5 0.125 0.7071 -0 -0.7071
-21.0479 -1.7666 39.4696 0.5833 0.0833 0.4302 -0.5096 -0.7452
-29.6097 -1.7666 32.8999 0.5833 0.125 0.6084 -0.5096 -0.6084
-28.6623 0 31.9526 0.5 0.125 0.7071 -0 -0.7071
-21.0479 -1.7666 39.4696 0.5833 0.0833 0.4302 -0.5096 -0.7452
-22.8781 -3.0599 42.6394 0.6667 0.0833 0.2417 -0.8753 -0.4187
-29.6097 -1.7666 32.8999 0.5833 0.125 0.6084 -0.5096 -0.6084
-22.8781 -3.0599 42.6394 0.6667 0.0833 0.2417 -0.8753 -0.4187
-32.1979 -3.0599 35.4881 0.6667 0.125 0.3419 -0.8753 -0.3419
-29.6097 -1.7666 32.8999 0.5833 0.125 0.6084 -0.5096 -0.6084
-22.8781 -3.0599 42.6394 0.6667 0.0833 0.2417 -0.8753 -0.4187
-25.3781 -3.5332 46.9696 0.75 0.0833 -0.0108 -0.9998 0.0187
-32.1979 -3.0599 35.4881 0.6667 0.125 0.3419 -0.8753 -0.3419
-25.3781 -3.5332 46.9696 0.75 0.0833 -0.0108 -0.9998 0.0187
-35.7334 -3.5332 39.0236 0.75 0.125 -0.0152 -0.9998 0.0152
-32.1979 -3.0599 35.4881 0.6667 0.125 0.3419 -0.8753 -0.3419
-25.3781 -3.5332 46.9696 0.75 0.0833 -0.0108 -0.9998 0.0187
-27.8781 -3.0599 51.2997 0.8333 0.0833 -0.2579 -0.8567 0.4467
-35.7334 -3.5332 39.0236 0.75 0.125 -0.0152 -0.9998 0.0152
-27.8781 -3.0599 51.2997 0.8333 0.0833 -0.2579 -0.8567 0.4467
-39.269 -3.0599 42.5592 0.8333 0.125 -0.3647 -0.8567 0.3647
-35.7334 -3.5332 39.0236 0.75 0.125 -0.0152 -0.9998 0.0152
-27.8781 -3.0599 51.2997 0.8333 0.0833 -0.2579 -0.8567 0.4467
-29.7082 -1.7666 54.4696 0.9167 0.0833 -0.4356 -0.4909 0.7545
-39.269 -3.0599 42.5592 0.8333 0.125 -0.3647 -0.8567 0.3647
-29.7082 -1.7666 54.4696 0.9167 0.0833 -0.4356 -0.4909 0.7545
-41.8571 -1.7666 45.1474 0.9167 0.125 -0.616 -0.4909 0.616
-39.269 -3.0599 42.5592 0.8333 0.125 -0.3647 -0.8567 0.3647
-29.7082 -1.7666 54.4696 0.9167 0.0833 -0.4356 -0.4909 0.7545
-30.3781 0 55.6298 1 0.0833 -0.5 -0 0.866
-41.8571 -1.7666 45.1474 0.9167 0.125 -0.616 -0.4909 0.616
-30.3781 0 55.6298 1 0.0833 -0.5 -0 0.866
-42.8045 0 46.0947 1 0.125 -0.7071 -0 0.7071
-41.8571 -1.7666 45.1474 0.9167 0.125 -0.616 -0.4909 0.616
-15.9072 0 61.6239 0 0.0417 -0.2588 -0 0.9659
-15.5605 1.7666 60.3298 0.0833 0.0417 -0.2255 0.4909 0.8415
-30.3781 0 55.6298 0 0.0833 -0.5 -0 0.866
-15.5605 1.7666 60.3298 0.0833 0.0417 -0.2255 0.4909 0.8415
-29.7082 1.7666 54.4696 0.0833 0.0833 -0.4356 0.4909 0.7545
-30.3781 0 55.6298 0 0.0833 -0.5 -0 0.866
-15.5605 1.7666 60.3298 0.0833 0.0417 -0.2255 0.4909 0.8415
-14.6131 3.0599 56.7942 0.1667 0.0417 -0.1335 0.8567 0.4982
-29.7082 1.7666 54.4696 0.0833 0.0833 -0.4356 0.4909 0.7545
-14.6131 3.0599 56.7942 0.1667 0.0417 -0.1335 0.8567 0.4982
-27.8781 3.0599 51.2997 0.1667 0.0833 -0.2579 0.8567 0.4467
-29.7082 1.7666 54.4696 0.0833 0.0833 -0.4356 0.4909 0.7545
-14.6131 3.0599 56.7942 0.1667 0.0417 -0.1335 0.8567 0.4982
-13.319 3.5332 51.9646 0.25 0.0417 -0.0056 0.9998 0.0208
-27.8781 3.0599 51.2997 0.1667 0.0833 -0.2579 0.8567 0.4467
-13.319 3.5332 51.9646 0.25 0.0417 -0.0056 0.9998 0.0208
-25.3781 3.5332 46.9696 0.25 0.0833 -0.0108 0.9998 0.0187
-27.8781 3.0599 51.2997 0.1667 0.0833 -0.2579 0.8567 0.4467
-13.319 3.5332 51.9646 0.25 0.0417 -0.0056 0.9998 0.0208
-12.0249 3.0599 47.135 0.3333 0.0417 0.1251 0.8753 -0.467
-25.3781 3.5332 46.9696 0.25 0.0833 -0.0108 0.9998 0.0187
-12.0249 3.0599 47.135 0.3333 0.0417 0.1251 0.8753 -0.467
-22.8781 3.0599 42.6395 0.3333 0.0833 0.2417 0.8753 -0.4187
-25.3781 3.5332 46.9696 0.25 0.0833 -0.0108 0.9998 0.0187
-12.0249 3.0599 47.135 0.3333 0.0417 0.1251 0.8753 -0.467
-11.0776 1.7666 43.5994 0.4167 0.0417 0.2227 0.5096 -0.8311
-22.8781 3.0599 42.6395 0.3333 0.0833 0.2417 0.8753 -0.4187
-11.0776 1.7666 43.5994 0.4167 0.0417 0.2227 0.5096 -0.8311
-21.0479 1.7666 39.4696 0.4167 0.0833 0.4302 0.5096 -0.7452
-22.8781 3.0599 42.6395 0.3333 0.0833 0.2417 0.8753 -0.4187
-11.0776 1.7666 43.5994 0.4167 0.0417 0.2227 0.5096 -0.8311
-10.7308 0 42.3053 0.5 0.0417 0.2588 0 -0.9659
-21.0479 1.7666 39.4696 0.4167 0.0833 0.4302 0.5096 -0.7452
-10.7308 0 42.3053 0.5 0.0417 0.2588 0 -0.9659
-20.3781 0 38.3093 0.5 0.0833 0.5 0 -0.866
-21.0479 1.7666 39.4696 0.4167 0.0833 0.4302 0.5096 -0.7452
-10.7308 0 42.3053 0.5 0.0417 0.2588 0 -0.9659
-11.0776 -1.7666 43.5994 0.5833 0.0417 0.2227 -0.5095 -0.8311
-20.3781 0 38.3093 0.5 0.0833 0.5 0 -0.866
-11.0776 -1.7666 43.5994 0.5833 0.0417 0.2227 -0.5095 -0.8311
-21.0479 -1.7666 39.4696 0.5833 0.0833 0.4302 -0.5096 -0.7452
-20.3781 0 38.3093 0.5 0.0833 0.5 0 -0.866
-11.0776 -1.7666 43.5994 0.5833 0.0417 0.2227 -0.5095 -0.8311
-12.0249 -3.0599 47.135 0.6667 0.0417 0.1251 -0.8753 -0.467
-21.0479 -1.7666 39.4696 0.5833 0.0833 0.4302 -0.5096 -0.7452
-12.0249 -3.0599 47.135 0.6667 0.0417 0.1251 -0.8753 -0.467
-22.8781 -3.0599 42.6394 0.6667 0.0833 0.2417 -0.8753 -0.4187
-21.0479 -1.7666 39.4696 0.5833 0.0833 0.4302 -0.5096 -0.7452
-12.0249 -3.0599 47.135 0.6667 0.0417 0.1251 -0.8753 -0.467
-13.319 -3.5332 51.9646 0.75 0.0417 -0.0056 -0.9998 0.0208
-22.8781 -3.0599 42.6394 0.6667 0.0833 0.2417 -0.8753 -0.4187
-13.319 -3.5332 51.9646 0.75 0.0417 -0.0056 -0.9998 0.0208
-25.3781 -3.5332 46.9696 0.75 0.0833 -0.0108 -0.9998 0.0187
-22.8781 -3.0599 42.6394 0.6667 0.0833 0.2417 -0.8753 -0.4187
-13.319 -3.5332 51.9646 0.75 0.0417 -0.0056 -0.9998 0.0208
-14.6131 -3.0599 56.7942 0.8333 0.0417 -0.1335 -0.8567 0.4982
-25.3781 -3.5332 46.9696 0.75 0.0833 -0.0108 -0.9998 0.0187
-14.6131 -3.0599 56.7942 0.8333 0.0417 -0.1335 -0.8567 0.4982
-27.8781 -3.0599 51.2997 0.8333 0.0833 -0.2579 -0.8567 0.4467
-25.3781 -3.5332 46.9696 0.75 0.0833 -0.0108 -0.9998 0.0187
-14.6131 -3.0599 56.7942 0.8333 0.0417 -0.1335 -0.8567 0.4982
-15.5605 -1.7666 60.3298 0.9167 0.0417 -0.2255 -0.4909 0.8415
-27.8781 -3.0599 51.2997 0.8333 0.0833 -0.2579 -0.8567 0.4467
-15.5605 -1.7666 60.3298 0.9167 0.0417 -0.2255 -0.4909 0.8415
-29.7082 -1.7666 54.4696 0.9167 0.0833 -0.4356 -0.4909 0.7545
-27.8781 -3.0599 51.2997 0.8333 0.0833 -0.2579 -0.8567 0.4467
-15.5605 -1.7666 60.3298 0.9167 0.0417 -0.2255 -0.4909 0.8415
-15.9072 0 61.6239 1 0.0417 -0.2588 -0 0.9659
-29.7082 -1.7666 54.4696 0.9167 0.0833 -0.4356 -0.4909 0.7545
-15.9072 0 61.6239 1 0.0417 -0.2588 -0 0.9659
-30.3781 0 55.6298 1 0.0833 -0.5 -0 0.866
-29.7082 -1.7666 54.4696 0.9167 0.0833 -0.4356 -0.4909 0.7545
-0.3781 0 63.6683 0 0 -0 -0 1
-0.3781 1.7666 62.3286 0.0833 0 -0 0.4909 0.8712
-15.9072 0 61.6239 0 0.0417 -0.2588 -0 0.9659
-0.3781 1.7666 62.3286 0.0833 0 -0 0.4909 0.8712
-15.5605 1.7666 60.3298 0.0833 0.0417 -0.2255 0.4909 0.8415
-15.9072 0 61.6239 0 0.0417 -0.2588 -0 0.9659
-0.3781 1.7666 62.3286 0.0833 0 -0 0.4909 0.8712
-0.3781 3.0599 58.6683 0.1667 0 -0 0.8567 0.5158
-15.5605 1.7666 60.3298 0.0833 0.0417 -0.2255 0.4909 0.8415
-0.3781 3.0599 58.6683 0.1667 0 -0 0.8567 0.5158
-14.6131 3.0599 56.7942 0.1667 0.0417 -0.1335 0.8567 0.4982
-15.5605 1.7666 60.3298 0.0833 0.0417 -0.2255 0.4909 0.8415
-0.3781 3.0599 58.6683 0.1667 0 -0 0.8567 0.5158
-0.3781 3.5332 53.6683 0.25 0 -0 0.9998 0.0216
-14.6131 3.0599 56.7942 0.1667 0.0417 -0.1335 0.8567 0.4982
-0.3781 3.5332 53.6683 0.25 0 -0 0.9998 0.0216
-13.319 3.5332 51.9646 0.25 0.0417 -0.0056 0.9998 0.0208
-14.6131 3.0599 56.7942 0.1667 0.0417 -0.1335 0.8567 0.4982
-0.3781 3.5332 53.6683 0.25 0 -0 0.9998 0.0216
-0.3781 3.0599 48.6683 0.3333 0 0 0.8753 -0.4835
-13.319 3.5332 51.9646 0.25 0.0417 -0.0056 0.9998 0.0208
-0.3781 3.0599 48.6683 0.3333 0 0 0.8753 -0.4835
-12.0249 3.0599 47.135 0.3333 0.0417 0.1251 0.8753 -0.467
-13.319 3.5332 51.9646 0.25 0.0417 -0.0056 0.9998 0.0208
-0.3781 3.0599 48.6683 0.3333 0 0 0.8753 -0.4835
-0.3781 1.7666 45.0081 0.4167 0 0 0.5096 -0.8604
-12.0249 3.0599 47.135 0.3333 0.0417 0.1251 0.8753 -0.467
-0.3781 1.7666 45.0081 0.4167 0 0 0.5096 -0.8604
-11.0776 1.7666 43.5994 0.4167 0.0417 0.2227 0.5096 -0.8311
-12.0249 3.0599 47.135 0.3333 0.0417 0.1251 0.8753 -0.467
-0.3781 1.7666 45.0081 0.4167 0 0 0.5096 -0.8604
-0.3781 0 43.6683 0.5 0 0 0 -1
-11.0776 1.7666 43.5994 0.4167 0.0417 0.2227 0.5096 -0.8311
-0.3781 0 43.6683 0.5 0 0 0 -1
-10.7308 0 42.3053 0.5 0.0417 0.2588 0 -0.9659
-11.0776 1.7666 43.5994 0.4167 0.0417 0.2227 0.5096 -0.8311
-0.3781 0 43.6683 0.5 0 0 0 -1
-0.3781 -1.7666 45.0081 0.5833 0 0 -0.5095 -0.8604
-10.7308 0 42.3053 0.5 0.0417 0.2588 0 -0.9659
-0.3781 -1.7666 45.0081 0.5833 0 0 -0.5095 -0.8604
-11.0776 -1.7666 43.5994 0.5833 0.0417 0.2227 -0.5095 -0.8311
-10.7308 0 42.3053 0.5 0.0417 0.2588 0 -0.9659
-0.3781 -1.7666 45.0081 0.5833 0 0 -0.5095 -0.8604
-0.3781 -3.0599 48.6683 0.6667 0 0 -0.8753 -0.4835
-11.0776 -1.7666 43.5994 0.5833 0.0417 0.2227 -0.5095 -0.8311
-0.3781 -3.0599 48.6683 0.6667 0 0 -0.8753 -0.4835
-12.0249 -3.0599 47.135 0.6667 0.0417 0.1251 -0.8753 -0.467
-11.0776 -1.7666 43.5994 0.5833 0.0417 0.2227 -0.5095 -0.8311
-0.3781 -3.0599 48.6683 0.6667 0 0 -0.8753 -0.4835
-0.3781 -3.5332 53.6683 0.75 0 -0 -0.9998 0.0216
-12.0249 -3.0599 47.135 0.6667 0.0417 0.1251 -0.8753 -0.467
-0.3781 -3.5332 53.6683 0.75 0 -0 -0.9998 0.0216
-13.319 -3.5332 51.9646 0.75 0.0417 -0.0056 -0.9998 0.0208
-12.0249 -3.0599 47.135 0.6667 0.0417 0.1251 -0.8753 -0.467
-0.3781 -3.5332 53.6683 0.75 0 -0 -0.9998 0.0216
-0.3781 -3.0599 58.6683 0.8333 0 -0 -0.8567 0.5158
-13.319 -3.5332 51.9646 0.75 0.0417 -0.0056 -0.9998 0.0208
-0.3781 -3.0599 58.6683 0.8333 0 -0 -0.8567 0.5158
-14.6131 -3.0599 56.7942 0.8333 0.0417 -0.1335 -0.8567 0.4982
-13.319 -3.5332 51.9646 0.75 0.0417 -0.0056 -0.9998 0.0208
-0.3781 -3.0599 58.6683 0.8333 0 -0 -0.8567 0.5158
-0.3781 -1.7666 62.3286 0.9167 0 -0 -0.4909 0.8712
-14.6131 -3.0599 56.7942 0.8333 0.0417 -0.1335 -0.8567 0.4982
-0.3781 -1.7666 62.3286 0.9167 0 -0 -0.4909 0.8712
-15.5605 -1.7666 60.3298 0.9167 0.0417 -0.2255 -0.4909 0.8415
-14.6131 -3.0599 56.7942 0.8333 0.0417 -0.1335 -0.8567 0.4982
-0.3781 -1.7666 62.3286 0.9167 0 -0 -0.4909 0.8712
-0.3781 0 63.6683 1 0 -0 -0 1
-15.5605 -1.7666 60.3298 0.9167 0.0417 -0.2255 -0.4909 0.8415
-0.3781 0 63.6683 1 0 -0 -0 1
-15.9072 0 61.6239 1 0.0417 -0.2588 -0 0.9659
-15.5605 -1.7666 60.3298 0.9167 0.0417 -0.2255 -0.4909 0.8415
